14194	82457
18446	90120
2536	90021
48368	64314
47078	63185
17639	117003
21942	70025
5812	118269
10230	102768
26425	74759
38948	104850
1037	101997
28957	79586
44834	68599
12709	63230
47349	71101
20225	81376
12744	98194
17120	72771
4310	76104
33441	103753
5848	98949
56374	83435
402	62794
45007	79088
6771	101844
57032	65916
20080	108298
6660	85979
5663	62776
30884	88586
57906	106188
41989	80061
31942	93604
21705	80142
51214	107210
59688	107849
58756	68471
7153	95906
17760	79276
7518	94430
49421	77876
14258	66048
1084	69337
45827	89830
20000	114409
25677	115493
36804	105453
1281	79575
9290	92017
12705	103672
55413	94445
23391	83127
46326	85903
38342	110914
5561	98141
41103	82745
25019	118516
6816	77441
35589	81285
42835	92493
43253	88453
34124	116742
26655	102833
16575	95297
24673	78567
10100	112458
11913	91760
14176	69028
51952	66415
21635	69079
23536	68173
10358	90558
24936	98696
31791	77500
34203	80075
54875	68520
10693	66968
3409	85344
48294	74409
36133	90259
41212	60370
49125	110059
15864	61023
23241	98997
57833	68875
58993	100786
41425	82366
53558	102759
36342	117442
4455	65618
27333	99116
55606	89456
27697	70330
23537	69256
44927	102326
2445	100837
9867	91926
38519	99886
59639	108074
45644	116360
18400	79094
43749	60855
3704	81816
53512	80727
42425	64088
24997	60406
22715	115071
10131	77847
21789	89860
51103	106867
44022	88761
5684	100410
15201	80027
9369	67737
31839	117341
31141	88197
48226	61921
36740	62038
30989	95691
25366	97167
30533	77384
1142	77135
10806	81583
59831	65404
9190	113426
2363	73085
48687	112729
59977	77974
40856	110909
24714	98271
60048	108825
44467	78975
28907	82054
12842	75832
52183	89539
2483	73664
35350	110170
43120	105819
18767	71271
16488	90350
15016	105873
41272	115239
20960	83605
56981	99719
42	70308
25309	63786
47632	73729
52857	115184
49475	73033
44135	94303
56000	118779
56421	111112
37107	79046
4954	83049
28303	99539
5295	98717
2290	92288
12597	77769
2773	72158
15839	104112
34676	112903
8389	67191
13316	81047
26557	99573
41113	75104
43008	99933
40292	89795
53632	80441
45781	82305
5286	98487
13739	84491
17670	66638
22998	100401
55731	77169
11976	105999
36568	85678
10843	98347
15328	85966
41979	74626
25516	104546
43483	98685
18838	70518
58369	79303
35244	63392
30567	115645
6922	95964
53570	62537
20769	111578
17279	105672
45893	60788
18244	65072
10277	91610
37796	64517
33922	97842
22361	102121
36711	90878
55859	83215
18069	66993
2052	99580
52455	97537
20604	93123
11304	89026
17282	63634
14104	116599
57185	103097
9666	106571
45995	78296
50326	110487
3861	67630
9212	105504
48792	87806
17001	84307
22453	68090
15867	89946
22712	102781
35665	60773
875	76735
15682	67436
25390	97287
27590	113229
770	81858
1007	96751
26556	107319
19463	94391
30614	89325
55572	86652
19784	110477
3431	71135
48982	86207
19104	106930
49255	91307
23452	94608
34922	97552
6548	79040
46901	118863
52538	97318
54257	113957
9261	91422
7010	61259
51666	118699
32299	79352
13024	108901
24389	114226
25224	96043
25901	103428
46981	81164
2132	103102
40636	87391
44111	102412
749	119003
40600	80988
29230	78700
58350	111466
21193	91357
26118	113177
54385	97403
37781	108644
6220	75586
58875	108409
27874	90103
11041	86202
46793	63903
8707	116996
14812	90446
21232	76117
9136	107329
33338	84179
41089	71758
26126	116087
23473	93724
54155	74247
23645	113682
5873	96991
29438	115267
42275	118335
44768	113028
47261	72307
17554	93663
972	114969
50805	60512
19725	99833
58902	78606
56047	60357
58052	71585
8844	110813
26872	65834
50208	67381
55608	82657
22490	71082
56629	85285
12220	67783
9376	70686
25958	82129
43296	81471
54646	65911
24643	73119
31344	76387
44647	63157
40688	80593
20132	60387
40613	65473
2038	66914
55006	110307
43351	117598
54189	74391
49490	85167
22611	77287
8914	118843
23466	92632
39949	66423
53884	94795
4798	112126
1774	85380
47322	115432
19710	93712
39802	78254
46243	89551
29976	79388
57963	104727
58949	98054
21315	105409
32885	68741
22341	72213
31328	63678
27114	80720
46477	118170
57748	94136
29457	115192
52018	97216
2914	107187
7152	101219
23181	94783
40219	80670
45258	100089
11752	102132
48584	60638
24833	118661
4852	69168
6966	76875
5703	87788
35202	107514
43005	76357
57281	64866
59889	112790
34015	101356
7955	105108
37022	107162
49514	85436
39971	103199
53740	80161
35428	91185
30819	114782
30097	76672
10056	67756
837	68703
28727	116614
32558	72931
18965	88312
48467	94945
940	96447
5113	108719
57558	93669
54567	71156
27941	72770
9882	91862
34815	80715
12971	71235
46286	83784
6239	82331
46795	118443
42204	105660
7306	99452
23338	96437
29795	72170
39828	77049
32733	115068
17015	63380
36510	78398
8531	95598
43543	62227
59964	80641
56819	117505
57777	69843
25487	107619
57752	74875
16516	61870
39072	98743
48857	100092
2274	65218
34821	91332
7242	101956
16875	109507
20500	82888
49404	117961
51947	105455
20334	70129
57266	92751
30595	104583
6780	80456
40779	115387
15215	117954
2421	117726
839	86863
25115	71367
40335	63585
48599	79969
1523	65978
20111	85471
33549	78648
55316	93452
58217	73240
53825	110932
18740	118100
55770	72586
51482	107627
57405	97419
27321	74119
26479	70080
34802	88231
9917	65139
10274	115242
16776	93996
42088	100315
9753	95935
42752	79839
16681	71825
55686	95593
30860	90467
15179	68803
31866	71098
29193	63231
8610	90938
17048	71999
48406	99288
14629	97679
35473	93797
14983	111547
53082	98948
21093	93929
49239	74267
49840	116352
46014	110272
28082	72797
39600	76412
32167	103681
25035	61417
26138	82292
17033	110579
52566	71617
7757	101875
27462	78880
38254	81812
46496	83118
28633	72413
32588	101155
28949	99487
10528	95332
9993	61730
3356	64279
42331	95406
51486	108267
56539	67409
4545	98456
51808	81210
38694	67000
39169	69132
15535	95074
21216	118585
56668	87423
31701	74008
51831	101394
47342	85391
54552	89415
12767	105010
9765	110115
15784	60995
29410	110960
45360	61965
12173	104029
27451	71137
46806	86012
49590	112608
26505	83599
2030	79203
57035	85369
23567	78659
3280	85773
50665	76138
11064	72031
39127	101131
39637	110741
813	65489
3075	66056
987	68295
6232	97792
14462	103528
45626	91600
6209	97160
11001	88977
8541	107523
16241	63913
50941	103016
36854	90716
19584	81619
10316	99118
17073	73611
27465	69238
11996	76320
32002	66568
55800	113279
7161	90077
59569	101918
35855	94456
32059	61450
11387	65150
59686	96789
27257	91105
50438	118754
50538	113982
34622	78751
16376	115874
4400	89621
6074	107055
23078	116261
33687	106735
40111	93845
41319	118251
5991	102026
1674	78914
41789	71939
2810	87636
26929	60714
35693	70696
57673	76051
4459	60897
30795	109124
36591	75923
14959	88296
521	66623
22379	110710
56475	74775
42311	111421
2035	67693
13067	118219
26659	115324
15719	113207
446	91121
37361	92620
54387	110640
16126	89203
5935	67374
18503	101808
52858	102046
57480	75678
6179	68015
56405	98100
54053	95819
29407	93158
466	62361
19498	72614
13262	100523
32347	82692
26007	70506
13570	92475
26475	89128
51801	86635
1608	87248
2464	65982
25294	108752
58153	110473
55269	96013
743	107467
57411	95810
59748	79658
8764	107448
1867	113590
14862	117335
53511	102746
5018	116659
11501	96408
42539	107805
23132	90682
29741	70944
606	61848
44877	79028
24335	91533
14260	69610
7923	116896
22933	74479
56111	66658
36152	100598
35670	97937
19085	98444
21065	115610
23930	89467
46220	100185
53810	118424
54208	101374
17148	89358
45832	71489
46694	76365
1063	64837
12959	93909
5355	66559
33772	97617
50660	89951
27026	71268
59076	78042
40780	116753
17569	88806
40517	96837
56254	94344
57117	95784
39761	107305
9529	75332
13366	69012
40327	99223
51252	106208
7471	89223
25900	100528
41587	101872
12614	82570
39596	118216
43083	86995
22438	66194
56844	69944
18163	86305
36089	113011
6874	69922
48700	102262
5356	66061
53950	116165
51737	87900
46384	100735
19738	90530
41146	88625
1743	97275
33363	96735
604	106350
43430	103833
32368	89007
46570	109644
3706	63796
12792	117082
19015	108527
42179	68699
1387	109649
57071	91917
39268	116307
42884	88992
17814	80114
34674	67474
42969	92612
43249	100672
2895	64712
18818	99577
11668	92806
17394	90487
36884	83121
56172	110038
59448	75559
17214	61823
49326	98270
28955	91653
44515	77304
37836	96904
36443	112739
35108	115761
149	99549
42861	87853
4512	84918
8312	116754
41838	102254
45497	63439
6733	110112
25070	86176
6263	81631
45297	71756
31512	96375
33650	89605
26853	77737
18324	67624
36073	81569
27446	73313
40820	77570
58222	74308
58778	118246
38039	108975
44697	89990
45779	85050
17553	93113
47509	119061
11224	91094
14986	79539
55713	90933
58244	71338
48183	68242
8982	94370
13611	63277
7552	75019
56820	106498
18508	100590
14655	84942
20992	78793
46238	73232
42176	98418
34764	93991
3425	94388
27706	91702
1586	89661
37979	109798
24918	96833
52978	80536
27546	109108
33046	81565
25625	75118
52574	114479
38412	100131
53271	82422
34912	70619
52028	101178
41107	103357
44076	95280
41502	108893
17805	104804
10079	82738
15122	116544
21889	73604
56109	63147
36099	78541
31594	82212
26903	108029
33513	66731
45482	103754
20620	72515
58332	100409
40938	118809
53081	104115
45852	90729
38423	83952
1014	114739
58941	85789
54273	64595
21034	101825
6269	62271
37170	78341
30297	65928
19391	79148
53129	113128
32133	61273
15818	99856
45330	114831
19869	95333
53658	73049
10595	109690
50216	68589
36269	68944
16780	116938
40646	61587
16113	69749
34896	97009
24903	92336
12708	83818
18475	111909
40316	111771
7298	73632
51752	85618
34037	113025
17243	65002
49122	67274
619	83869
49658	107405
44236	77318
58421	70534
23562	94776
19891	77016
20190	76996
16238	116339
3097	87184
24230	91427
18642	61515
30882	83219
28084	110738
12089	113032
99	65959
3080	111386
26627	101529
28093	87424
52422	77364
55783	85505
26109	105709
57820	85480
51551	98043
25593	73616
20346	103292
57478	90969
1219	90937
25034	93266
57569	63703
27442	65961
8612	69572
8750	118284
32556	101107
46103	100076
42489	112129
54101	99850
37484	78441
9639	81943
485	79090
34989	63010
58849	65089
40257	61342
30218	106057
17167	110450
12341	95393
45879	93460
35573	116532
18465	109397
33624	104646
45656	94424
45113	73711
35058	68104
27388	113241
48924	90182
57022	109988
40480	81913
56675	61195
29307	97867
21338	75365
32980	86230
18900	72954
10482	89351
17140	69445
10364	91311
58707	62653
56778	86801
38229	85604
12529	118801
42128	99645
42623	116194
16065	107249
34566	70006
49116	115241
44015	116348
22084	78675
16173	90073
35811	109221
17635	72239
29723	113387
5865	69214
11428	66167
27844	106648
23590	75936
31385	76961
18880	113639
18083	91063
2640	104526
14367	68328
32992	111733
57467	101217
59607	97057
2155	101015
17458	115433
4295	91160
5452	86928
2002	76621
43151	115970
17122	89409
14864	90168
32773	91210
24750	114399
47299	69951
3500	82268
52937	76573
11664	91846
53279	91425
31052	63998
34318	105573
9209	72989
42581	62788
41392	100208
57768	103245
54114	107244
31763	78121
20974	102322
15553	107201
22478	73640
52082	82704
40832	99451
41227	116384
26057	103228
6110	78190
39625	71661
10091	84347
27933	103435
346	69538
2867	94310
9088	61850
45322	68574
19288	63567
55273	65073
57145	80485
17065	95843
30445	85619
14180	103501
32565	86409
30335	115179
6472	86588
630	116199
9997	118002
56236	118791
8050	98734
57693	99511
54433	107341
59006	100804
16833	68435
14564	64337
47846	81462
1081	60376
12779	107519
25966	81261
11264	80613
4803	66786
49748	72107
58335	87547
132	60448
29187	66973
16689	81912
51048	67491
43844	74656
46928	109290
21013	110345
33275	108466
318	86173
15176	116903
50383	116811
6089	117904
11630	77285
58213	102125
37236	77993
36675	77795
22378	93599
39125	77067
19522	101121
29143	69744
3187	93830
45267	61997
51117	99571
7634	69384
47927	72218
52267	93539
16484	108109
39068	83355
45577	79986
34724	66507
37494	114200
41004	101265
24959	78419
6711	71257
59357	97672
57325	67955
53072	100476
7288	116450
2629	88523
12140	91810
2764	72897
44869	88025
37059	73470
44797	106643
9619	75714
777	71918
45255	85271
44140	116635
57227	107755
31267	101284
16814	99034
21888	86527
31111	70772
31760	66929
54048	77676
1845	90990
43199	74534
38307	97187
14149	66384
10116	61590
21066	93176
41604	80784
42014	65770
57332	94855
52733	69559
40011	106031
58399	81458
46331	112119
17964	68798
43045	96122
32899	87793
12493	118619
6578	81802
31566	96737
3557	65090
15645	103775
9642	66756
18522	73926
40803	95025
32896	86506
15965	112712
56202	90274
37122	63053
39607	71404
17775	83287
21120	105369
46404	63205
16438	67907
18121	117891
22927	71965
32473	64538
58810	91987
30052	100978
7663	104942
20002	100372
10311	71828
6789	105262
33180	96776
17142	111240
31500	116998
1449	72374
24600	91001
27409	100247
44126	85613
31262	105106
13100	65463
26772	92861
42828	66741
47098	78036
39069	105840
48554	117363
54373	75088
56353	77223
20906	91834
35907	85449
17388	79310
23830	83536
1860	71641
38134	75571
57018	70759
44661	74634
43460	104067
49502	78500
9884	76604
1879	64800
53278	99007
22340	113437
15005	97630
18634	83577
32806	98827
21995	72917
4200	116041
9296	103797
14141	67822
22576	94339
31106	81369
33563	84409
23658	68525
20022	80285
50967	73893
32237	71970
39706	73765
13584	117597
53245	110951
33603	112787
9178	66988
23117	77311
47339	65622
53624	81529
19407	67730
40413	65801
14366	111983
734	66677
41355	79016
33988	80638
25041	77275
13151	98658
18138	107974
3104	93169
26890	91908
16802	116561
57525	79845
42281	95782
54801	106680
56879	99335
38345	81499
38116	84170
17749	90501
335	90940
22261	91915
4290	69343
51221	101582
40077	113410
33802	65495
48365	113406
24344	119056
47573	80668
31207	75565
7110	65563
13155	61897
10975	77389
53802	63419
35580	99492
49467	76107
54422	74491
5070	117855
27500	91770
9682	102773
23585	102896
26261	72020
14635	112016
5024	86062
25574	90474
40964	71962
55416	105296
33020	112043
47007	74858
46826	97640
6010	98895
10888	111476
51020	73128
59176	116974
39502	87792
19936	114167
46127	103751
43195	99581
5449	113416
41431	100461
13220	62453
6140	108391
35259	81749
2349	113102
18762	117529
47981	86825
19320	68545
1191	82436
13405	116394
49087	89932
11388	111951
56206	95546
57323	63732
57871	79431
4633	117381
19992	108892
12007	71794
25853	101950
6204	112862
11081	96405
26524	67172
29819	67636
48052	109371
56525	110012
35505	107549
44296	66282
36041	66828
890	113862
43078	85973
39115	95561
12071	102491
32476	65535
53526	112370
997	83272
43458	64478
22205	88770
45288	110520
36430	104694
29357	111340
8478	115333
57975	82098
38939	78600
9091	102191
45595	84004
48787	67105
10659	106037
34458	112912
57006	116341
45525	73721
18942	71302
53429	109282
47055	85567
4480	103418
34614	64307
16463	117079
51860	73626
46337	66995
48639	75945
44214	89277
12395	115682
23471	73526
25209	94865
9186	61494
21831	60657
486	67478
19884	86829
52133	114587
31767	109811
2494	60899
54085	91261
30103	92116
24703	82132
12307	101509
60071	109170
3274	117800
52471	66405
18594	110247
26256	81547
4966	90839
30214	78954
52439	64201
59666	101151
46418	103855
44351	105789
33264	91276
39096	109764
50027	98464
30461	112896
15266	90766
18420	75151
24059	87392
50351	93713
42007	97894
25240	100167
7433	64135
59287	74851
43402	67683
14269	97452
38665	93555
7198	107177
10207	110627
19852	109464
18254	81191
11409	63855
7177	104347
9222	66108
47983	102944
24672	115214
50979	114955
11758	110969
28249	109568
23213	85425
50563	106302
24	77002
49407	114327
35961	81706
9072	66693
48373	78904
14901	68596
54003	71713
21740	78282
2966	115513
31239	67392
1202	85100
13780	104070
58308	69437
49310	62426
46203	85669
3770	86894
59124	115878
49638	71298
43550	98221
18342	112152
51572	79788
21103	114305
10241	73963
58430	75375
6781	100845
40906	76340
44290	63889
25754	77603
40750	111062
25139	97223
16739	116417
33147	112320
30254	74149
50955	64760
40560	101339
19496	97157
9966	88204
11315	85662
24208	98430
15417	97876
37223	92616
43421	79640
31568	73387
37840	63378
40446	73851
18485	65733
20598	68282
5127	64033
13279	63363
23111	81110
44329	64154
8829	92737
34791	97966
21266	97201
42044	71749
59692	63775
25411	71153
9328	106468
46735	96943
44614	70766
41087	89457
28623	65878
44134	104006
44568	65889
15287	76042
8525	113556
4817	64238
38804	111395
30490	114173
11456	61196
34888	110181
56070	61032
15498	81184
56318	111635
1522	65491
45179	75253
51644	114286
33327	87193
36463	113980
11457	101272
31546	116195
44309	71222
4328	103619
51819	106912
47305	64739
41753	64646
41074	78079
20747	64312
31155	85255
9442	71307
30664	93146
51222	60912
43743	99394
55001	98198
45195	89008
47616	118030
34559	114501
49811	76236
48654	112186
35587	109093
59179	104843
60144	64694
51671	99665