7600	105392
20495	98769
16107	79437
46664	84467
11779	72434
29592	91499
26947	63281
1267	115376
56295	100466
31098	83617
44595	100027
52635	95427
47787	71843
32607	81481
7530	70891
16862	115494
22265	75502
10087	67451
41436	111002
46698	94643
46488	77326
7123	118401
15231	76034
51139	76717
11094	74378
16	65394
35963	91837
57428	93187
54414	117849
7883	70216
13073	101546
41161	84576
24871	73553
32358	101913
16293	69069
26496	102007
1813	89063
40182	65069
26160	64356
48572	76690
39602	95461
1752	83871
20234	115923
5439	105211
2729	95870
39498	88491
3489	61160
24031	86326
44056	92424
10333	89039
1464	92477
5681	107189
26333	70873
32702	78611
48586	93681
6073	94204
21663	107047
49037	93530
1709	108936
7246	107620
5539	102427
59444	109941
42922	85573
1226	63929
54993	87439
7362	96249
13781	118623
25882	79925
4961	103122
22691	99982
8526	103937
58182	76967
50172	102908
4499	75023
13648	89726
6023	110928
21492	81113
14444	87394
51265	64521
33172	88416
37721	62819
47472	86413
18387	69471
23415	92246
7497	114153
53841	118747
20773	98947
58824	75181
11337	112655
6253	100967
11213	96626
8762	73489
52379	67033
36766	80472
60155	85537
5190	107304
859	82572
38521	87418
49587	67072
37563	90960
54894	86070
23376	71506
26798	115081
41416	60434
6369	103830
5061	64736
59953	101750
1655	100157
25916	61949
38421	115035
29776	111548
43633	107436
27877	77914
1384	64589
15459	90661
20211	84036
55222	96705
4178	62885
44648	107950
11751	87417
23289	102143
17717	107200
8530	112994
26626	93520
41515	86872
16663	102924
10931	117770
31326	93982
7606	71491
52329	86553
12134	110569
50081	101869
44621	90492
58173	63636
9421	107838
35079	113853
47177	65531
28493	79792
35959	98369
25002	82610
2792	75107
38290	99265
46499	78167
22167	108508
35533	73609
36723	102407
15315	95474
6322	96502
53120	65358
11201	103570
51889	93744
59570	67169
48590	86197
40256	111850
8925	72283
846	82309
49720	119058
59110	69864
43333	69633
49283	84759
4275	95018
58307	112642
10653	93386
7260	64641
13711	85338
58576	69215
45580	76523
5693	95924
19393	98261
56774	115669
6788	97017
21079	73529
51494	71091
10339	65262
8885	69493
48329	109712
55221	67675
15249	88890
46071	98130
45432	75904
55358	66616
3261	61984
45928	64794
57887	86828
5265	114306
28668	60442
36617	94082
22477	102887
60168	100011
38649	86778
34204	87498
49739	95501
34498	83822
30913	103761
48629	86340
33621	66697
60112	88330
44023	76809
41582	115120
28664	61366
36834	88464
31363	67892
1642	105941
15963	88325
55720	80336
43500	72450
21234	73624
36350	106608
18210	88561
49280	116361
32849	96874
55500	91641
10974	63981
33289	81119
31545	63909
54807	79138
2417	108144
14157	104519
31307	113319
30387	86465
24836	108588
40002	81367
33373	72881
48820	116880
14096	107967
32573	101126
19405	68057
27187	97839
45486	86076
41812	60988
43823	83418
16617	66861
30085	88082
20774	107147
41186	84887
33854	91398
57074	91115
24531	106142
41014	109322
31553	76050
45958	108078
33595	88638
4839	63746
32547	64980
50500	112603
15629	110686
5783	81661
18113	79067
46769	72167
24180	114344
33911	97713
35054	66513
19326	89743
52330	79202
47090	107953
7074	102493
37071	69810
4878	70465
13101	76594
23761	83659
47797	62893
21613	101060
51638	86749
46136	98836
8936	82052
58243	118343
5715	106279
32793	96918
15659	108265
46236	86353
15042	71634
20902	80071
51495	74248
7964	62337
34751	78704
36857	65793
4222	89575
48786	104159
3640	78598
11332	87475
43815	94152
10787	84393
38232	104811
25658	93001
51971	64002
3507	91029
17561	88656
33883	61865
12938	80808
11220	89384
37471	69088
18666	94409
43744	108701
19722	115456
53478	95612
34120	119025
58347	100994
11739	93256
27472	94142
41616	114510
7584	100632
49392	84866
39962	96958
20404	76527
8574	101762
12450	68809
45362	83876
34146	78365
9561	79534
26894	109176
43111	92522
51196	66131
40221	117858
4864	114227
12676	95341
41149	107976
20704	76032
46229	104607
32226	68756
34642	81658
43449	105992
49241	77742
40708	109492
57417	64171
51437	72582
53652	66928
48338	97541
59873	99221
36891	110600
51792	84394
11077	100715
4319	97957
15912	94166
58610	67912
26062	107608
24809	73159
17460	103849
24213	97953
55283	108015
6712	109363
10958	111553
39935	90660
49321	86238
47301	75989
51123	107703
4745	67996
48860	72198
16980	77855
41652	74623
8444	86953
28987	88418
30309	67993
47190	66839
51197	100118
39281	115580
29691	78691
42925	116465
28296	81196
12430	98885
9280	87449
3066	88666
20075	80528
14583	86239
11285	64007
17626	107794
11895	100574
49114	85012
36969	65290
21497	91824
37545	95849
30834	73350
2272	118993
51842	115130
8681	82311
51898	91483
3039	110970
57865	88306
14768	93474
26035	65924
24754	72894
36082	112466
42602	93730
51564	66170
24014	65321
13650	114620
47445	79596
10510	114266
58871	70204
40752	97524
25082	82694
3128	73930
36846	96665
41611	79676
33509	87300
21062	87671
48539	93117
40079	81517
35371	115589
33200	88047
15472	94961
42605	85685
48125	114762
15096	85139
52990	111818
7189	113594
20588	85834
17784	85418
34306	112374
56903	117266
35953	70999
15376	117695
24931	74703
10324	60588
37280	93763
7677	99154
48482	92376
53208	95088
34703	114187
17444	106829
57038	62995
59595	88026
18710	118036
48576	108344
16188	76148
11083	99733
33510	110938
37632	61516
32569	80201
58255	65970
28171	75339
46065	95836
42363	114744
46642	65013
47601	112836
43270	86893
29905	77693
563	116278
11330	101453
14409	69281
34665	116559
59895	79362
47295	78933
38633	113669
11193	79937
12857	106239
23903	63792
40675	71059
7817	115675
28245	89693
37093	112127
15125	94614
41491	71611
14709	61270
40472	85212
18617	80319
45872	102375
55772	73555
2371	111263
8602	87539
21745	87140
8359	116249
14115	89854
40988	111523
53605	116480
2769	93943
11897	97846
49540	63415
49314	63049
45180	68440
40781	79906
49565	80395
7762	80028
25016	83998
15891	84288
58343	100395
16838	86705
21733	89161
57854	107812
5615	86171
20112	73680
3031	94635
7398	74129
12476	118428
42723	111192
23700	76398
26297	83831
10246	99185
12724	85725
44186	63963
2682	99073
2458	114270
28938	84143
36979	79235
50721	98842
16760	73443
56348	69825
38218	92764
9734	84673
1950	70496
10167	86990
21506	87970
55173	106985
43215	105145
22393	98848
52878	115103
18648	115195
41934	61857
10873	83672
34475	99404
39414	76770
58096	76270
8500	62059
32672	79688
37902	102221
33862	82035
49931	89278
26253	98736
47780	97110
57827	91213
46715	62259
55806	111004
36127	113024
16213	96790
54394	96597
21143	63187
7715	76706
24733	94093
39878	84886
28240	96468
52890	94651
40255	97284
11439	85938
54206	95379
41312	84375
13082	91178
30098	72095
31334	86606
21873	115786
20529	83003
5635	91445
17693	91295
59182	61222
55317	79875
18525	82427
6512	102386
29280	69882
57373	67921
20871	112328
19362	94931
57259	93099
19287	112713
28057	113431
44124	89879
3541	63656
36131	65011
50365	63812
55047	99893
29675	101245
5673	105500
24202	83554
38992	77026
5665	91170
31411	81701
10775	98515
50778	87994
28430	90906
13990	65301
49260	79211
49762	110930
15362	70455
29227	63580
36580	112041
33518	102974
28577	103031
3925	114616
23226	67193
18124	74224
1779	112385
10279	93526
36212	112746
50513	61890
16431	112584
49955	91239
54034	99838
18107	114414
45043	71016
43948	110940
42869	93436
52233	81143
47956	116054
35540	68547
25398	75965
40540	110704
2229	61301
1458	113429
11931	106800
42208	98682
23967	87169
18703	115564
16071	102691
4618	103371
10624	106663
40608	104739
6822	107332
48186	94232
26573	106005
37330	116610
5994	102215
6528	71305
31476	75544
40943	113403
10685	66538
27235	87799
27135	96627
7937	106937
26620	64519
50385	87749
53385	103413
47051	95125
7470	82607
59714	60381
37296	91871
13946	76348
3198	64804
33597	90119
5725	92245
34460	92962
41336	101867
6386	92092
4632	106861
5795	70547
16700	103395
22590	111644
37465	72121
48801	74977
8258	73903
59541	61876
58622	94115
29086	114376
4264	106882
718	72438
22971	66566
45168	100612
54812	75315
19950	95313
36982	76478
30769	67040
6355	81515
28757	117243
27825	83099
46536	101091
51502	62549
46824	63395
37006	65323
26757	60506
57429	112414
35974	77201
30164	116684
5586	108333
23039	101136
59143	81952
59052	77123
25379	116211
39271	93204
47726	84117
39660	107806
55281	86930
12980	101765
49427	68633
47743	106909
32522	81575
3753	102703
36776	109602
46716	91766
14139	92527
15091	67080
18699	84777
32431	97001
51581	85748
23789	65854
14927	66733
29672	111675
3170	112980
12539	93092
26545	98723
56588	71249
37271	118106
49481	66675
8090	61322
19666	68008
59499	78135
5153	66208
59386	112150
13851	81752
48267	77284
34079	92163
36240	107557
24033	96376
38292	105990
34355	79044
54215	110536
33996	104395
14795	94405
39195	72983
31092	113867
25065	102807
44758	95064
55970	111028
18529	105042
22895	75482
48720	107596
32599	118728
56705	104989
36259	86890
40603	104228
32684	104227
33269	88449
20177	72623
15466	78344
33063	101474
35302	61994
59327	63853
20219	85997
19861	62195
20834	106462
23386	96884
46644	106970
58911	104248
4401	112462
46805	84585
7690	80662
48452	70738
23677	66093
22027	111819
5349	61210
4507	72506
25751	97858
26430	99067
47804	60554
13753	78084
59064	105263
42399	106510
37970	101554
8140	86792
7610	68067
1943	68431
12499	77474
27315	71549
6326	62854
3117	67612
42981	90146
31997	65192
50024	109305
28885	91297
21288	110010
9195	98498
5495	118385
59391	115336
13892	63572
31560	66503
36332	104745
56625	116174
44219	101405
33160	79610
11552	96475
46004	97007
23701	61452
15954	83122
29824	112564
53378	111843
23521	80667
5995	74159
21899	104478
47407	71948
17130	90650
54559	104386
33194	117421
869	108764
6595	104085
26466	83412
52236	108778
17387	105944
22392	85819
48854	115712
38017	111032
34205	105090
5778	103628
43034	91613
57522	73745
6882	79652
19168	105577
19197	95529
3070	108959
55020	109527
17117	82836
46168	85813
39680	78633
4042	89066
11234	87595
52627	81652
41214	79251
2165	96889
45391	108094
25455	65508
6302	68700
40582	74726
16076	87832
58365	107691
8046	81000
25830	72051
53633	87682
15080	76143
40884	112111
10289	70533
22871	93524
4979	70744
56452	98826
8417	115065
16582	62096
8062	79023
28534	104976
11160	61741
42631	115899
278	95614
3666	98705
39183	63096
1687	76510
12400	84883
3979	101900
37806	115672
24040	90266
42517	62380
16163	101156
42093	65111
7831	97398
41507	64440
5907	103077
35635	85702
12462	107239
18637	97740
42215	72370
31103	62240
26747	86077
14086	73818
4673	85259
29479	77431
13536	79298
13849	65403
27311	87668
20840	66738
4376	111068
59906	105230
9653	104793
16616	71889
6397	61278
17985	105032
3455	65735
20624	83748
38837	117297
31287	94910
17982	71465
47620	112865
9009	116810
34272	102134
56794	111964
26441	96676
16745	60926
53089	108595
2105	103703
51883	115020
34532	60985
52205	90752
29390	85289
45040	70757
31907	110996
40663	92305
6064	66227
28708	70253
16141	90357
56982	64295
22016	75256
13603	85452
58327	86510
44801	95620
45874	115438
21088	79176
58201	87177
19513	83949
47850	106272
40939	69846
37295	113372
10035	76044
36937	94837
18599	91744
43979	111721
28630	113609
1740	102806
10182	69235
16975	104650
34878	62485
4992	70250
15861	114745
24342	114710
37999	107722
48764	69248
32584	113750
41853	68918
165	92835
17097	64244
16396	89789
46873	89359
7348	75660
50507	110774
54721	111752
35367	92875
29064	70138
19285	66112
22834	82274
8041	116965
7977	105675
20353	117217
7382	76832
55209	95153
24197	78743
17988	106590
54691	96245
42189	69699
20883	63548
16610	91388
13501	106376
41729	86819
16427	115342
56069	114667
9822	92044
59307	96662
52754	104182
9374	111979
56044	109753
15297	101402
34176	90589
36570	104635
4416	61320
20251	67590
25180	112789
30717	78199
43327	102158
13774	118104
41231	91604
29124	71395
27560	66178
31499	107876
2104	110723
44026	67795
24374	68524
9876	84830
21381	94969
14933	78283
44778	72600
49257	60997
46225	101221
16679	113528
32638	98451
51938	69378
51606	96535
30146	117441
43997	107482
10040	81319
56935	67594
8524	91475
57966	100305
18526	68886
1313	100486
22462	88974
23361	71651
30515	109697
41292	73766
24146	69689
14677	74727
46833	66555
56024	77987
40950	104116
54351	99916
32095	60892
49628	74185
54518	98518
47344	65180
39460	63846
36531	114561
22757	66040
25530	66426
17667	83721
48115	105791
14344	71831
20290	78332
29247	111540
41086	71380
30658	90693
32768	100471
29255	65364
48181	97042
15770	89724
2352	100254
33721	105363
33265	114644
6361	70798
47091	110869
7728	61986
52712	85730
44615	100879
53427	117035
54827	108323
15646	63398
58358	113773
14192	81179
52221	65540
40573	106690
22761	102361
15197	96604
33752	102646
28337	81387
58050	75167
56593	88090
1627	91867
92	106405
34005	61636
681	63368
57769	113389
1493	73439
29337	68172
11321	68889
49793	76323
19415	78586
54843	96358
19987	71244
15632	93598
17021	64290
59195	69244
19263	87836
51240	102637
49632	73868
54666	86564
42025	60901
5545	94925
38618	102085
19882	112201
55540	80774
83	63764
11008	100931
14944	107191
23400	114137
3562	101165
58490	63973
5456	106034
8886	114290
27204	85189
6219	108302
32217	114992
38247	88419
50761	89410
28693	109530
52250	89505
1644	100668
32141	103866
52486	63295
57920	83035
29676	68114
48258	93987
58290	69457
46707	96452
41845	91869
11082	101834
54726	114674
8882	98756
53630	70786
11945	109207
42813	105114
2114	116097
13773	99427
55712	87180
18733	110269
37099	110731
13755	62740
35224	68572
45204	80498
15390	61294
33072	62571
37121	63558
28968	87962
29633	61693
59511	95679
58621	70565
29815	110129
1846	103722
30815	80421
28532	113313
56597	105943
34209	108255
45780	107388
19450	78424
26855	78057
51786	90456
10851	79108
23087	110310
18894	114465
19375	74126
44216	108278
20991	87913
34611	99629
4891	92110
8287	60229
58282	94299
2749	100859
4469	60482
30874	118259
44537	118350
50161	94806
39146	88564
22758	113652
39719	80658
15000	97307
51180	92834
40744	114390
35423	64808
24978	90328
36534	101781
8700	110292
59994	74706
58736	83446
25418	99986
12694	111919
39852	72793
44471	68462
31822	89285
10084	109980
11834	74533
56255	79537
60077	113575
8098	74033
28320	72093
20973	77020
57519	101116
40749	84107
53232	91848
31533	74048
8319	80960
3750	108836
26709	68935
57246	80682
58635	72478
48432	102444
17600	110644
3101	61971
53967	68690
43092	77050
42221	98434
45658	96542
26034	103699
8532	97837
35913	84862
53578	68996
50038	71134
11436	79751
12405	108529
18709	117768
35506	71398
33350	110747
59690	86541
22521	114919
10215	70750
8095	93673
19123	87127
55987	86254
28655	106528
45097	63466
34087	113948
34158	101926
54648	88517
27989	97126
14545	68888
58632	84720
3516	96994
38564	73494
32200	83640
14290	64984
51637	74675
52238	80572
9901	111058
15406	118596
4339	112476
58237	108949
12133	97188
45718	62623
203	61790
35936	105000
14877	75996
59471	114091
51493	86166
29493	92922
2872	68459
17617	102625
2470	60423
57377	62196
42584	105982
45320	97071
57970	93073
19109	72090
44681	72641
50259	117947
17189	81089
26615	71090
14339	69364
42789	84799
46088	104614
2437	82453
55771	78060
42553	113676
46380	63933
60185	93067
52781	94230
44328	116371
20010	62487
27958	67510
11151	100093
50036	65009
43539	118975
43591	100228
57158	69372
30912	96366
44878	66654
48412	110000
35234	103549
2181	96410
5753	82198
23301	62068
6354	99554
6277	90014
43432	65198
20593	62850
33503	62851
40983	61157
22270	93614
5556	65372
6715	72117
58614	66427
33170	95656
20288	68470
3936	80506
21265	115814
4655	77028
57942	96075
44075	70203
1999	102678
2251	72865
56360	63322
17465	111428
49520	64919
42576	101281
25707	100641
36497	87379
30040	111233
19127	85097
264	83423
6072	95272
6678	78791
47640	102194
2316	105628
50253	82038
39181	78247
35119	96828
47709	63685
4767	60698
11312	87463
16347	64971
41916	73627
10181	62081
30463	114610
30792	111158
48847	102697
60188	78174
56581	62756
32498	110620
9720	72262
13734	85833
6181	116889
21766	76307
56520	89172
50653	104151
14647	103601
50264	75380
3265	69149
25134	104392
22796	115312
59147	116711
7082	86732
18871	66504
35301	112767
2071	77658
40801	92772
45677	92455
23936	94144
20454	92675
55701	84130
38715	81094
13727	116268
4297	76333
2173	108205
26374	84813
12265	71064
52503	87854
43242	80745
44636	61607
8824	65466
20474	80206
20970	60833
11098	68289
7417	116391
1183	72948
2694	97063
39360	68074
60143	97220
37953	85898
7165	66181
8723	90227
56556	115920
1673	93359
52583	92686
20775	101609
19350	63142
35264	64972
44474	89184
30026	101598
31332	98399
42012	99230
7396	113951
21525	84566
22969	110594
36226	84077
40510	65571
41706	99016
55919	88164
57544	61759
25861	88697
47584	100216
19018	84870
25351	98946
22661	92666
12730	61539
11912	80650
36279	88995
397	109164
3839	62402
34770	74266
59480	110039
35405	65025
26936	71996
46402	66520
40277	79256
23944	75140
55598	108342
31668	105330
50195	95140
54916	100463
16948	70060
39209	61188
34818	109079
46627	90734
43198	91886
36351	79483
43746	106558
53229	88641
27475	93470
40844	112856
27365	85784
21851	62982
16278	111109
10498	118799
38588	73359
52611	77327
17602	62297
39794	86193
54828	78982
7851	112279
57725	118283
607	106192
20471	100604
39749	85769
11789	69067
13738	112214
16046	97112
14690	117722
10070	68021
19856	104034
52394	118715
23901	72254
15163	76064
21557	105402
4347	70263
30005	82077
39132	111327
3909	74205
57358	64896
40546	74059
6601	62660
10656	67679
26949	102912
5311	116948
37045	93149
49150	110429
39543	74664
34686	66719
37498	88869
27517	75873
45951	65205
3250	77109
39814	115197
1108	62130
32213	110680
34598	88191
19789	87291
50048	94211
15505	97280
52542	80237
9811	101937
32886	70247
15439	87203
12336	104944
48155	86675
19576	77427
5788	116756
46992	100607
13190	94768
29023	82450
22326	113435
59605	71344
22066	64709
28874	61766
46634	77942
59234	64964
52374	115211
13525	69875
51549	62655
54071	67395
42201	74737
12570	94564
27790	83206
53351	108937
59412	101499
43059	75313
38042	66481
14323	61296
10678	103822
14447	99397
26080	90958
7409	118143
43830	92770
47136	104215
42043	68398
34715	104351
931	96899
45286	79245
49199	112105
21227	98602
56010	83561
7431	85942
20054	85776
19423	69514
17372	94067
3445	79359
22423	104789
18845	72352
15648	69062
1443	96256
23970	63717
39526	84236
30663	88805
6345	83295
9536	84972
19271	82576
29151	96164
33773	77908
35586	116138
23204	117148
20808	116594
1018	71512
16601	60501
34477	98366
18030	109206
39062	101964
11997	86160
9903	93912
53169	104924
41850	108271
34948	89956
4766	108696
36965	91131
14995	65829
3456	77416
4007	91599
27499	101365
3285	85044
19654	75738
44499	100917
40323	73040
41304	69365
5455	118576
36260	98319
8689	81345
40201	88398
30076	106919
43001	70007
18794	77452
38547	75729
43586	99880
45319	91262
12786	72765
41043	65624
37611	91227
40248	70803
13676	63907
39241	102245
58166	69284
2583	64147
29209	61656
1470	77891
10592	72544
19335	103093
32516	101183
46711	70307
10804	78078
30137	69718
6002	108142
333	118133
7350	100437
50867	92269
52070	77814
45712	76133
11013	84766
53058	112650
5160	113165
5488	112195
45241	61877
15653	117463
17274	101325
8283	93656
23102	110924
37569	98004
20814	112263
51910	67918
20609	67150
27547	62971
57818	63788
585	101575
42881	86921
2088	94817
31742	87820
52067	65142
24210	70124
2931	109842
40439	65391
48004	103702
10331	108371
6990	88774
12102	75214
44935	78044
20565	81928
5326	101800
3113	106440
54310	79892
6046	90632
20374	90441
56279	61459
43785	91315
36790	65152
9887	66788
28356	65584
50422	114515
56978	79170
54785	88356
47475	114581
27684	88270
30116	67066
45766	91010
9126	77941
40645	103684
50982	99377
23988	76831
35898	105421
2989	118900
10995	92167
6406	96236
21168	69732
27927	95490
4136	114394
41396	114690
13969	110306
58093	107673
21603	62023
23186	85299
19443	101527
52807	102819
57819	61356
42270	97320
7586	115227
1604	64477
11714	92189
34937	92952
24250	89969
9404	75306
26167	84811
27539	109026
50266	74881
59423	81622
25688	65590
11052	110601
50016	70112
19387	95889
2496	74760
39168	109806
60051	103781
19977	115087
44750	62170
12871	88183
16140	112393
47822	81236
14885	77158
30095	74024
1565	83207
18032	88002
53063	94560
46082	77540
31456	66985
14863	72844
10029	79774
21827	116763
22643	98566
21155	100543
30532	114230
10305	90175
32726	65717
6654	103939
17654	102941
27730	108699
36785	82416
6436	110545
28692	99278
46911	112723
36338	102086
41525	85339
53228	98061
32118	76587
12756	61886
48963	112747
34627	77321
44338	85222
19360	92745
51596	114334
20309	62937
3676	115134
40519	100307
18852	116520
1556	69671
18126	89045
17008	63604
1099	108170
58922	102282
54218	109031
47232	109246
45489	84261
56899	103278
59586	63098
30219	70730
47479	94215
21406	72180
46727	89980
586	70015
40251	94985
21446	77254
51736	103878
15380	90317
29251	112134
45942	85867
23094	79477
18056	101230
12601	75920
55394	86594
8300	107712
47369	117059
9117	117676
58465	103167
28465	118589
23698	63453
52346	94967
38988	78038
25946	113936
32222	81304
32536	84045
54000	75837
37368	89764
44461	105800
53847	90701
39656	75102
27047	60404
28101	90406
44833	79796
2710	87819
25619	95653
272	78900
528	96402
48636	116562
44199	107747
17434	82327
13906	73743
47165	62496
34140	113238
33967	111668
56265	78269
26716	111139
58095	114654
46725	74241
17481	101564
56101	84074
14440	103068
39140	98065
41274	84791
23018	67560
51181	68644
28379	66421
24808	98807
40271	97836
13604	104011
17904	60943
5745	75903
15876	118966
16045	114130
24350	71492
21510	69299
50440	109346
69	63201
16362	80936
12195	79593
3921	113334
31851	80511
19084	64559
51160	106473
12838	76247
1886	63847
17936	64504
52709	67198
15309	110647
32633	84601
50792	91102
18266	72599
9567	114758
27557	97472
46624	97573
54778	63568
365	100189
30152	103037
49470	88682
25763	72962
4133	80978
27692	75912
49812	62209
30147	76020
6508	109686
47077	97046
33729	72000
22210	100910
56733	72261
11867	67385
15007	73055
34029	65460
36478	88378
27015	73282
53888	100564
11887	115054
26231	114781
29991	80339
38160	89823
24562	90089
16243	62385
6376	115612
51642	116061
86	64881
45880	85017
4101	113409
10691	68742
22185	72149
58567	79099
9881	90285
45465	87795
23465	95606
19448	60273
21452	97775
58640	112752
29205	94356
23785	62148
52150	60927
55909	66398
35509	76683
33433	68320
32317	90092
8843	102865
41628	80898
6257	95510
13678	94048
26532	71955
37615	80878
7682	63771
47100	77845
50859	118244
41876	99362
33232	113090
49388	71581
23774	96498
22388	114833
10619	92227
48475	113051
32242	100429
53895	63158
23971	96516
47424	114436
13098	83526
21114	79275
56335	113963
46259	90163
39170	83937
804	109508
27839	78668
56565	75603
33735	91951
1389	111282
52305	93708
56738	67583
15423	91008
17677	99587
11286	62953
8483	84752
31449	103483
6752	66125
22418	74427
13323	106824
21573	88645
7614	91167
26517	116264
47540	112973
10484	81168
27559	105270
32880	61372
21699	88338
26950	90712
47065	80911
15031	92381
51643	79714
41125	114755
30343	86590
478	115808
46597	65639
24345	99329
15250	93780
41203	85073
30933	96028
17056	90102
30518	64136
39634	100299
48170	81617
54912	80070
44012	97130
32065	109593
17906	85857
50293	66932
3510	77800
34352	116767
14002	99978
23283	64781
12534	89168
12467	111806
45115	70039
41889	92570
50535	85172
36072	75683
17801	90189
25728	72119
43134	104692
36807	88130
42978	80325
178	69654
8254	112249
57708	75404
23751	75183
15461	95372
1005	107540
4923	77047
32094	85466
19150	84643
3857	104756
50020	116184
26919	106110
4150	113741
20827	75178
10884	98441
22729	68987
43114	74087
58353	87756
42838	89090
18052	79407
50730	82719
7740	111049
37601	108027
30150	72674
26463	66013
43593	77503
14406	101254
11588	93688
19133	65209
37095	87859
35406	61616
32168	74264
57861	100082
2348	88158
55157	96620
28079	91134
58489	70919
5936	115111
53608	111167
45915	104719
23092	71821
7647	105475
20456	62176
736	94426
23057	87551
46160	91264
20051	67562
18846	91808
55444	116296
37112	114815
44883	74829
53243	94373
45602	78774
6289	80243
3049	76511
15259	116308
4148	96897
50070	64986
17796	66290
46315	63370
58063	80747
34776	76501
24293	114695
54120	102801
27281	104726
29725	115668
47697	92848
53599	68200
19851	95169
16979	107675
33885	109627
37559	72971
32216	118873
43995	94145
33810	111071
23321	83995
59581	115916
57967	71112
52568	115893
54111	89462
17862	113593
5479	103127
31441	72643
3275	90922
16117	118035
49201	69288
57881	97029
41286	116305
35152	88649
28027	67174
2216	71143
4471	64451
5915	88779
25321	84590
16416	81016
3762	71132
40924	98320
56222	82622
18553	88448
43454	67309
24279	85441
50686	111611
58773	66373
28116	101456
22966	92723
40199	94075
44857	63809
34809	92062
14555	88973
36724	100671
8730	63864
44701	118323
5717	89399
12522	102352
23840	102905
11104	61624
45527	95112
18459	91451
37677	102711
26380	90944
56747	114730
20689	94267
40180	109736
53289	92043
31359	97810
11691	99243
7710	77188
39270	99117
49080	71813
7980	71136
46217	91934
3366	80424
49232	104024
50621	91514
42058	98290
47984	63459
32124	73067
19152	76388
29157	61118
33129	68941
59293	81428
5572	101724
2619	107544
395	92838
9501	114743
39712	107409
13725	83680
40086	113106
44055	70072
28888	79258
17497	71538
53669	93940
15212	69379
32267	118047
10417	88906
32623	63946
25080	91085
2191	97088
26428	114878
43947	105752
100	103787
46830	85907
50969	88479
24570	97256
15726	76174
37996	72910
33516	79631
37417	84823
34405	84082
28841	117652
24720	61606
39301	114807
12983	91057
21853	111184
13786	88609
5913	72291
24085	78432
34858	74489
54718	94966
28706	88434
16634	72534
35919	87506
6553	84670
58039	74833
50180	93621
12977	80812
7961	83590
40577	74885
10359	81970
17029	111402
60014	81009
59759	80879
60125	87843
30553	114577
59954	73761
20517	109035
28784	119010
45894	68588
26235	95821
26550	97526
27942	92826
51218	72001
51669	70825
23530	73142
45162	66034
34584	89310
41908	107260
33038	70079
25063	70847
40782	74462
11140	105556
16175	118588
1801	80940
48794	91348
22771	101089
32933	96931
29011	67043
54482	72038
27399	90523
17383	80253
43042	103613
57422	93145
55510	97369
4769	88039
56814	85918
20232	75394
5409	69858
24472	75998
26330	93512
19171	108336
52589	61418
39869	97534
27813	88073
14620	69571
24559	111431
18663	78903
20864	74754
13936	64131
4672	70281
3195	65284
32264	111333
45281	91464
24537	95373
32844	79114
13546	68777
6377	85570
44816	105983
19429	78397
37508	101927
31693	98413
54941	117021
32711	107163
55353	103143
41412	73320
11287	76294
10920	73291
9539	98014
51907	96810
28922	84292
22932	112724
54345	63351
46076	85111
38490	69923
46587	62861
25412	72308
28781	62062
40773	114448
14067	108126
51010	111572
23129	63878
45745	81309
20426	103869
2492	86125
11117	102227
51532	109435
10641	101842
44902	75779
61	94523
46474	93239
16217	96239
56342	60724
26223	96398
53877	82438
30601	69598
3492	70561
44018	61077
34591	66492
30778	85647
29363	80419
12059	87344
24475	101433
38215	89193
58624	67631
27570	105988
40294	80487
27293	89828
57051	71876
54635	104240
51812	87113
36469	86421
20745	92538
35067	62245
50559	79999
3649	105086
40739	67726
51404	69829
3883	64966
26417	95421
8243	68598
55223	111029
49945	88154
16915	101775
21489	68443
37934	109041
45472	111110
14538	67144
1160	106481
25971	84488
31630	66505
20677	89906
134	79189
31355	72854
18536	108989
9963	64935
12901	69040
54879	60444
53431	115391
38889	92703
35132	83713
57489	72025
44830	96248
30783	71188
56838	85732
33816	116062
27975	80665
36084	96842
6193	113140
18159	67136
40668	88607
8638	116849
11269	110312
14099	93425
58544	115597
44937	108619
45237	111250
7589	97336
59524	84792
45670	77183
16209	109706
10298	109832
29864	87592
28687	69876
21277	71459
48086	102561
32253	109723
1412	82861
60055	78433
28384	105531
26455	88789
36904	116613
7026	102122
42930	80169
22125	66076
49453	115574
37219	60262
46882	86533
4671	107355
27785	95980
40956	85745
8845	64700
6636	63420
56888	65088
2784	112904
25649	95971
31652	91624
33686	83538
21932	117773
51675	91462
23628	85374
59923	92828
54777	111425
45148	92405
32197	103276
12082	100777
13651	88023
41892	102520
38587	116606
41751	118687
24534	89838
11982	79579
27618	65122
6192	98129
19912	73137
26225	83718
60194	66913
20164	69866
17174	78285
42820	82271
52705	73748
34335	119051
14062	64600
56630	62035
20486	68550
58729	89449
15500	109088
49186	74104
49308	111262
55289	109086
50640	89038
44589	91328
39488	68387
55912	67646
26356	105359
38295	115326
18533	71846
3157	60316
58864	78420
36681	75742
15206	79309
22522	109066
1494	101841
3968	69883
41054	90435
9831	60984
9522	85892
26305	86280
3392	67759
57262	111107
51731	76077
33304	77822
33974	63513
18187	82202
41685	95560
56398	74379
40661	104791
36289	107113
42394	72880
49965	61097
35908	83758
37245	73254
2654	107716
14764	106978
767	82356
54364	102453
723	65435
23986	75767
4184	84452
13668	64209
54285	98609
14333	88593
58568	118995
25485	117145
33296	89888
38320	70893
55361	96230
56885	103223
9002	77087
33766	84210
40627	116813
4634	93702
56349	105179
7621	60691
40223	114940
13419	63859
31831	96165
18306	116029
25997	98232
5704	68177
41733	70712
8585	86463
11169	101826
13560	112819
37142	90054
4687	79011
52730	90230
30118	68754
24493	83114
18644	90658
14	72785
58149	115635
59398	82276
54736	91296
13978	92485
4361	101162
10467	72192
4084	66422
23629	86859
31738	117534
30653	115904
46079	60401
11110	67966
51204	97653
33504	63385
24081	96448
4176	92691
49894	105339
20126	108315
56823	68926
52917	71389
5526	69511
54242	103471
41310	84495
26695	95395
42274	77062
26252	76506
9695	106787
46453	63550
32562	67498
25650	74662
26567	103388
50523	116145
21532	90717
43578	102206
54455	65582
52228	62671
759	96436
52210	75069
48326	103436
37002	61304
38584	92778
18714	78265
23802	76130
25765	62577
46761	90370
47364	111339
7122	108636
34963	107315
35361	102484
57389	68818
56126	92910
23935	107360
31445	103430
56690	113562
29002	110242
10762	67826
58581	90819
31698	89328
23037	114317
13867	88985
33132	105874
43712	69229
15270	114427
10209	84413
6342	89185
37452	100353
29466	93867
56763	94288
58994	109743
38124	89238
55027	105483
47286	93679
26246	77300
36103	87851
17025	67101
50141	101796
38746	70727
36694	117810
22236	110330
27184	93320
59848	108277
56125	100358
50529	91693
55614	67004
23674	110045
45562	84268
3206	99086
14076	112486
14651	63857
45883	67103
29855	114395
26448	66815
29093	78047
40740	101185
44608	98023
13935	80793
37249	112814
52797	61861
5884	101331
50830	99075
42958	82348
44714	71445
19074	61140
19290	76068
28047	100283
51215	62494
19958	94224
46571	90638
3410	81174
27961	75730
137	98275
14187	90694
31153	110080
13008	69332
43471	86639
33499	92300
39330	105691
8582	80158
19117	88295
36395	62187
15086	100736
54006	62621
5822	84938
17101	86477
41063	61751
23325	110008
55582	65920
27584	67153
14934	95846
21089	84140
42106	66400
19627	92623
54244	105396
38024	114592
1842	80189
50267	71316
6333	69673
43558	75786
17683	97407
38308	73977
18362	67001
22254	101289
29441	80712
4468	94779
27245	73779
30361	94658
39620	74062
33848	63034
30186	92473
58152	82001
38391	71237
36634	78133
27992	89753
6278	86855
35684	62475
34045	87319
5876	80124
9297	118629
55907	60351
5781	69691
30873	118089
6481	65596
30393	68126
27174	99960
828	86586
8542	98999
48003	93291
55136	68323
16815	62773
16386	81975
21540	84631
51783	106795
12696	114686
51730	106607
8089	116835
24891	97175
23463	99636
39790	111389
6058	69429
12359	100285
33916	108447
45116	113054
49366	107232
12226	107109
14638	76298
49723	79784
9395	96978
24920	64070
55251	101269
51903	108358
15720	71946
11295	111341
54590	82940
19870	98530
28261	87229
43588	108197
18173	73089
58236	106210
43462	118765
20089	106808
13364	68201
6592	61951
14226	81727
2817	114552
8710	66525
42499	68009
43014	89253
47458	96105
7311	94304
42758	64184
12451	117980
36707	62263
53545	90247
36192	82800
16794	90008
35116	99611
49026	103777
18635	106390
56542	84388
13122	79442
16628	109398
5946	67748
59402	93058
30821	103230
15154	65333
22693	71829
8302	68731
33361	90003
56298	85359
30730	87068
9606	98659
22166	115411
51814	74979
4818	69116
58625	111661
25618	111761
58855	109281
5337	94418
34434	87947
12904	76149
35720	69535
16323	73234
41006	81078
37980	73988
37084	99551
12956	72232
37421	94135
11156	100854
59644	116839
33529	69131
59089	110125
47323	67005
19564	113166
48085	99884
504	69635
64	73618
28581	117983
22451	76588
29123	71915
11079	72326
40076	77554
41484	93072
7729	69509
25462	71175
24359	61047
13561	106126
55175	115167
19827	80927
21032	73826
54452	86703
41459	105177
8207	86959
56458	79201
38466	81390
44653	113668
45261	111985
20036	110936
59864	111246
25558	76369
5296	116099
49086	77701
60088	74774
19207	97359
36331	72744
48451	87471
41522	106168
38319	90283
3168	108239
52774	96232
31721	70799
31673	62774
51918	74905
17666	88604
38209	73081
29543	115727
54972	87221
5926	104602
20547	75780
39283	82055
32246	115959
40798	66803
19644	66740
21620	64153
44664	114108
26490	116590
54454	64943
23733	64065
821	88033
18517	69593
30729	102497
31010	79455
17045	76448
35017	80458
24490	64037
54849	75010
3109	74537
48950	61381
43587	88134
6841	65494
37813	72401
37489	82794
6974	97803
20460	97977
17187	72715
39415	115253
40553	69415
52886	78456
2428	105973
21509	113909
57784	115711
18602	103054
17470	79713
26342	89896
46408	90581
47849	109501