14815	80139
24371	110186
4201	117469
27084	118320
13477	110615
29944	98850
31829	111710
44307	88259
2615	80764
21362	78786
43810	110568
42559	96909
11209	76250
23156	101498
32538	64878
30267	62280
49405	72205
13121	103447
34671	68298
33617	86406
12985	108964
15353	102273
28104	92326
5444	61114
22414	110901
32514	74177
38120	95749
5492	86384
12075	90346
36640	88254
55196	93019
17216	96117
48407	88086
55671	75059
18252	87238
10347	117683
55148	79535
23257	110006
48300	89085
54627	102078
8717	78996
2103	76641
33667	61068
31868	116150
45181	81153
14143	85383
7952	70404
25204	65773
7501	61806
56773	62336
56086	80628
6878	109447
31862	106147
4971	95465
7088	79850
52231	99905
13808	97900
54603	95205
39404	103137
21883	94571
34104	72868
35664	67979
34605	101229
31266	71126
14625	69742
12209	101005
44003	61331
34969	89105
28121	77400
21593	75294
13025	61774
7916	61821
48460	87966
37101	93969
1520	104016
21552	118865
57640	112944
51535	83913
6431	117638
39129	69279
45466	111709
34879	80759
33213	112193
17735	96449
38167	117821
10365	103018
27799	85520
3235	116005
31510	84260
8568	81135
12252	82651
8229	102380
31060	85314
45073	106078
2714	116636
11567	92239
40842	61000
36396	106499
59544	87886
23195	115556
35299	96731
16025	107078
13454	95887
39007	60732
39499	86427
56152	106259
1736	70867
44258	75235
27119	86459
18592	87623
9631	108906
47924	95231
56510	71176
21095	85470
57187	115683
18298	117861
20907	96529
32050	77444
35683	117751
37667	86599
11795	111098
29139	107788
35816	86842
38585	119043
45770	71227
52181	87882
23050	102902
37795	96512
1901	80892
6904	118839
11626	96752
3267	104673
52036	69667
36999	116353
54460	71430
31179	110511
60037	100319
31953	110499
8091	66865
20925	106157
26383	72258
30991	100519
31467	91895
59209	106523
42988	93808
18609	82737
1312	91260
26197	116793
57105	85202
43100	95191
37455	76632
14254	87737
8576	61922
43661	114928
16868	97802
53673	91929
56589	71969
47356	83263
43172	78290
38471	90943
34363	96650
11672	79828
4049	85317
15974	94382
52768	79433
34365	66866
18746	68907
45972	112318
37180	70367
43481	113449
55183	116917
42292	116419
57950	99685
35659	118134
40898	93047
36895	62765
3340	108732
32436	61413
38843	102560
7520	87593
29644	89148
30798	102564
18096	77912
24420	78991
52202	100753
40329	83492
21874	107560
49594	72813
17584	78351
26410	71602
34384	116569
28044	95975
16466	107012
38748	102365
20869	75497
34302	75259
26713	88903
38996	64898
7159	65638
39807	91474
13040	114982
42927	60920
14998	104601
54551	112749
53086	104496
36474	108808
32553	80646
21908	64982
9676	118582
31193	60782
23873	109319
2311	62300
49523	66859
19967	108897
44387	97600
51001	96269
23523	62644
42448	78147
38755	106449
23000	68351
59909	73584
52117	78492
9693	109141
40302	110602
21519	67867
29291	98193
34749	96526
1297	113718
50018	77292
50934	68432
36662	73688
44656	109218
44498	71371
20626	97782
8473	88778
5512	109681
1946	99897
51906	103130
7506	89061
56788	115809
16260	62082
24283	106683
35089	109456
53733	115613
25234	64291
7671	85518
10792	84269
6109	82900
28054	111921
52765	113626
9245	92631
52595	113136
34362	101422
44426	82819
45645	84181
18256	105430
54970	82080
31909	81334
28669	76645
45724	115430
18162	112985
3823	81107
56796	96307
18112	66067
35784	93541
27396	86668
17083	79739
48558	76854
11794	67400
42180	95310
40470	115876
57814	66321
52986	96082
44946	72381
26089	71961
59657	114677
1976	107518
6952	92913
3484	83147
36069	62831
48907	60458
6076	69218
1441	118072
10984	95480
41150	100336
55597	64713
53299	100816
48476	83209
9844	72493
41013	98811
29882	116395
16524	67720
551	61717
30640	75325
39837	117170
4994	113036
26220	97294
55650	66799
50573	105797
37429	68773
9637	71865
26453	63440
7813	70793
12618	85171
20060	110408
21939	118693
46439	112011
4517	103700
43859	73780
48468	64991
29792	88335
2890	104069
24527	97734
59032	84748
37773	116898
39984	100768
18926	64950
32071	72870
59374	71467
45873	89452
7007	104187
4208	69447
49330	75845
58588	79118
34841	67403
30816	100685
41487	94725
48829	105071
49168	60249
24503	110632
5928	73598
55188	93557
28717	78722
48746	103311
13147	106514
39136	112459
36401	114639
14261	112287
42777	80929
46780	84422
17290	64016
20964	68648
28912	111075
10415	80760
47886	97635
51894	89590
32500	64296
32336	86054
59761	97204
58816	72487
35343	88119
23569	94366
47436	66232
41904	114250
11827	115978
25381	105859
8289	74797
5461	93684
32712	112345
41684	82937
47244	63492
26653	109085
8727	105045
51021	63858
16179	66278
27718	99766
50097	76424
4565	116031
46697	117264
18217	65767
29708	90720
44909	68634
17866	91686
57694	62236
36951	85347
8358	78273
44848	116539
37760	97416
4805	77450
33471	101921
26751	118249
29764	111442
40584	117656
48111	96203
48433	75277
23482	82288
12799	64348
49419	116171
48070	88029
15394	78988
27804	102623
7458	103910
60214	80144
9415	106409
42574	71114
21107	118063
39649	69207
3912	61601
46834	66382
26073	101989
54124	102225
834	92880
742	104257
57407	104410
2574	95603
54017	108479
6852	103301
57252	93566
52146	69232
54608	103381
31122	86932
28456	71426
32917	79458
22628	65981
6119	60713
39702	112053
46980	69157
54710	117701
5284	60875
4320	86242
39910	72692
30456	72396
8334	67587
38823	71824
39920	93959
22471	102417
35826	92489
53127	80717
7676	80057
12104	66078
47942	77233
23323	102708
49342	99802
44552	100219
28253	97952
22738	106604
20669	71011
14739	73019
43740	60978
26014	81873
55362	115510
13693	101626
13305	114591
55900	108875
21222	81300
41242	96397
16515	109310
21556	76054
31815	108742
34785	96591
1841	88276
20163	113587
24092	107099
24801	70265
17852	71351
4114	69952
24867	73575
391	97460
6671	117358
60007	114381
55	76562
13816	64505
32862	72091
15615	78636
12230	78266
23061	114300
46955	83236
54808	93131
9436	89362
4323	81292
59786	100601
49532	62014
39345	105619
28857	86513
17299	61630
29473	104822
28756	102730
34438	107218
45594	99107
17337	118958
17652	103227
38505	82896
38062	90690
21131	62989
32087	87768
22942	106995
35515	67449
12481	85066
45796	75439
9279	62226
52971	63152
54490	96169
18593	116916
53742	82297
54063	77057
28284	105338
26486	90030
38910	83146
57134	80174
32324	118386
18099	78010
23495	101167
5998	86375
4638	114178
32319	112614
59789	98955
39075	63410
49604	78486
36507	63570
55883	69690
1299	73536
50001	67665
41780	106692
38818	111155
26146	118968
55563	67247
30598	68705
31308	97902
9040	61242
720	86016
27054	63665
5042	74433
45110	86130
14072	84668
10989	106954
49061	78387
26181	101576
49289	91496
3838	109420
37799	116124
44378	112866
14285	84654
40588	115024
22601	71949
32074	114131
57837	110752
30681	103643
18697	79565
28287	105889
36559	90812
20384	111210
9601	109861
15219	109045
47298	98816
22613	103805
44196	70374
17615	70916
20104	101045
23682	99579
13171	98060
30398	106321
54811	113133
39954	111231
49813	74805
25919	65997
23170	74426
6439	75309
12731	60711
26516	73204
47192	65610
52155	65910
26688	118543
26445	92030
56807	117497
42701	77839
11733	78850
12758	115862
57625	61263
9852	88865
13545	68748
54481	105493
20841	98335
44565	110898
51657	62044
11492	82193
58882	99797
19984	100234
8132	100521
42524	92718
26229	108583
3935	116513
48387	112694
12820	113354
525	112920
7882	87419
41779	69086
52156	107600
20554	62495
9114	85707
15180	81220
32934	102288
37619	94595
33450	73023
60157	82194
3227	88556
4686	102800
19368	105593
14073	112717
42307	81163
34735	118167
41727	115439
17772	80311
12881	73590
27460	81392
23558	62261
28401	80564
52615	82855
41726	114107
14593	79124
3024	63582
46838	68661
1325	86332
51109	82851
30688	84757
26697	85632
87	118651
23857	114038
53333	91931
33140	117866
20191	78943
19880	98903
33962	68417
30876	75661
46974	95979
38491	80425
58577	108229
24343	79311
5397	85988
26420	87047
56223	70592
3757	93122
29959	64887
45566	61981
34311	111589
26087	78062
35995	89662
17217	93084
39709	93734
5716	97838
24384	83240
58997	87347
26892	103162
12577	88336
40814	118184
3202	90653
44407	93528
32455	92145
19193	89167
51614	105541
13205	83730
59582	111404
55019	106728
54429	99669
9928	92097
11435	89106
50230	86227
449	77971
31410	76968
32659	117617
1015	94496
45438	97134
44417	115976
41138	104106
12654	83684
53551	88085
17916	83619
53861	65193
29472	99459
3133	63056
25124	117856
14602	118827
20123	100501
58601	76571
58147	83010
49529	103783
37778	100894
31938	108782
28883	118172
15745	65886
51950	114186
57534	70646
17452	61094
48027	89474
22564	62880
28862	102762
3148	101998
45232	108036
5441	101035
44716	86219
8771	76560
1027	110587
1078	81438
1815	92728
47341	71580
4486	116647
5816	91591
6688	67687
21739	94666
58134	111519
8180	118055
16475	96851
52371	85782
46297	106274
15897	73263
55808	98832
59235	62759
11565	101688
28794	102137
31161	92645
41381	94668
25800	95437
58719	112954
59137	106878
20383	104596
40362	115104
1589	83212
16626	92729
53288	113591
14343	92007
2605	92501
15372	109140
41605	84635
50588	86317
56973	89987
56290	113326
53197	98728
52741	77884
35337	68693
8628	65020
56925	104073
55226	117045
48622	103060
11993	82725
47422	63350
39344	79422
7826	66259
3472	60520
10853	110857
14327	99478
22992	114040
52003	88150
56399	97066
18693	93216
26275	85558
13743	107481
28143	99202
40948	70183
2023	69823
1790	116497
40195	95885
52603	77545
51686	74340
15139	77867
47718	60898
29585	114558
13934	113167
36546	62159
37476	108919
35187	65074
8651	82899
36585	115228
29936	117350
55356	104163
49958	115237
20873	100965
43559	114463
49676	90133
6562	101350
1559	91708
49212	75719
18259	74455
7741	77957
38581	107316
52351	103183
7918	101673
39285	117500
38752	65551
35978	86271
17034	65707
17225	72265
49659	77766
24124	64847
33108	82452
33501	102548
15796	100210
24971	63463
36452	91289
33227	94872
25109	109575
33983	113465
6887	76692
53044	86851
15713	110395
25300	107027
36720	69334
17682	100217
34756	115860
39963	83202
16233	72732
40502	72742
46055	118468
54662	98539
35767	92958
39559	109781
52699	84977
49588	85006
38680	98622
7249	80823
54466	114179
14867	98295
12051	63377
909	104375
45111	102701
104	63021
6538	67376
50408	74543
10216	115317
39141	80678
37354	109846
36444	82550
10785	79084
46282	63534
53360	95172
25413	108557
33329	80481
27786	116718
18174	103732
51366	102438
35377	81276
5498	105232
23215	86674
56214	92990
19190	117149
46813	74144
25104	85507
31116	105079
26582	110420
35608	110224
52974	84411
22157	117713
39407	97523
3068	67441
50113	70831
10291	118331
26715	64299
23210	65064
13218	84963
57288	75327
17345	78972
26847	117499
56601	76141
29265	66659
30609	89188
45294	66776
1806	90322
37892	101326
27160	100055
7130	86085
17658	71115
39575	67832
53961	74976
10890	86388
57314	113062
16614	74370
20886	83234
35232	113480
17875	62645
56189	77213
37050	60667
52285	91366
34729	100195
38004	84197
45020	109879
58485	102752
40763	74555
15071	108211
1896	63684
45774	110761
22403	109380
38789	83607
58450	113089
19073	114621
24179	81246
43409	93082
28260	100579
46593	86974
19609	77811
41344	61317
12050	114892
49789	116789
51232	80159
36012	91759
27675	109702
40115	114383
12865	96732
4265	89523
54081	108590
539	90273
26217	77033
52755	114457
32835	88301
49942	73353
22928	89379
40606	91478
56333	66698
48208	61569
50782	79782
50402	62022
29276	82768
41366	95989
54579	73027
2139	100499
26501	70417
58667	99257
16383	73650
25149	107855
25217	64587
19470	90258
4724	107295
9349	70115
55719	86468
55717	82786
29440	110454
4171	81511
34474	60771
26540	97941
16392	112678
41330	67834
2998	104124
44264	119080
36745	65235
31049	92558
51959	76893
58513	75856
17834	100067
9498	63531
4657	61621
11855	76516
31873	79467
40418	82901
26004	98761
3928	101522
24996	71051
32614	89319
53896	77757
15294	90067
5548	73096
60190	64272
3888	73194
34154	107776
21777	64041
21503	99141
21605	94055
27519	109660
26764	111707
43985	105870
51514	114028
8945	64954
50826	92536
41567	83201
8528	89262
13079	114041
33261	73206
31	118164
6533	101243
29200	90295
34043	70527
37927	97212
54283	98767
16733	74043
9627	72852
46773	92975
10745	89107
36221	62900
53973	77277
36450	66819
32116	97982
9989	88242
15738	80462
28598	105151
32166	83931
22482	82948
15996	83372
33178	65757
18423	113968
47684	107721
42484	108209
10210	74383
19011	114237
3632	81312
24017	62286
18995	114732
29270	87780
35023	71000
35592	82425
53621	114356
48488	83658
58692	115118
14397	115586
57224	89942
1776	108128
54082	111552
1260	63573
56761	65144
5353	101520
56563	86361
9371	91572
13927	68270
48025	78423
20542	68613
33268	81024
59262	97832
55429	104724
42677	67734
16353	61392
23912	115188
10039	75267
4193	88579
48553	117418
9073	107070
42084	74819
29518	74291
41760	102840
41128	61884
42349	80293
7878	116724
15030	82061
18434	112428
13643	108249
49923	117392
3498	89018
3973	62233
48983	84321
17572	61753
52118	114984
20692	82041
808	96061
7293	92494
19247	74602
25299	117287
29362	98835
23989	104262
48542	101941
16026	74312
33243	82608
17821	88426
17278	98317
43987	68628
27669	72901
53405	73795
30585	111955
28076	81753
51687	109472
24880	86522
35139	90269
17267	117187
25433	105212
3568	80741
57801	98853
43556	100245
10046	99197
28585	91204
56480	89345
16385	62876
23046	91982
53750	82284
37001	114183
20405	83320
51750	84969
5362	61184
6227	62262
3062	102718
19231	71024
29774	95362
29211	89003
57293	60254
51309	101987
1722	87972
20806	99248
41170	111503
53104	74468
14407	108369
5207	94454
30357	75650
58741	73875
7114	100892
59998	69541
40270	103407
5420	91270
55724	99764
58663	84306
17471	86816
31854	97520
47909	79741
36315	90510
28498	92644
32831	109623
57137	117096
33242	78764
4858	63166
28826	117871
12154	75988
36210	98094
46892	85390
58016	114733
32555	90479
15117	74302
36888	107469
845	101307
37998	61200
12034	95168
1135	63995
3322	115557
39156	89924
21804	117834
31235	107428
30344	106338
30249	64127
22292	90669
33675	99359
19855	94662
5746	115224
58534	98204
36680	76820
45505	101537
10916	79160
44843	112748
16299	102250
39931	106234
8388	98075
46652	76126
32939	76240
59834	86722
21098	92226
20934	105790
11048	80368
30155	76125
7121	84496
30470	98724
5387	90491
56229	75528
13317	82389
53403	115199
18194	73295
16669	68232
33607	107545
50347	74810
14460	80003
30833	95777
18588	101666
37474	75685
47137	94319
15689	96647
18004	68171
27224	91049
28840	100532
56913	80903
34772	83381
18070	109597
43461	97152
21356	68061
49611	84285
44242	75305
55450	118243
31517	92740
3032	63266
50000	118360
22802	106252
8413	64438
53	61953
50965	102459
45329	94530
43684	67863
43028	67808
45411	114497
1290	116112
35468	91870
15666	119078
43685	106989
19332	83191
2600	68463
55869	106951
36586	100825
6547	75052
16607	63525
33592	83895
47923	104309
31569	72783
32877	71129
35647	67166
34759	113866
55911	88689
40343	84992
47367	91593
1316	117594
38069	95316
9640	89656
887	109252
22776	65263
10812	67062
26520	90250
59863	109201
47120	69892
21141	68099
15584	60595
59157	84033
31944	116340
3304	87825
25191	64399
13503	82150
57213	96218
27600	61768
10171	87345
26991	91076
5514	79671
56658	85555
7416	99686
30000	70287
2129	66702
48574	113039
1333	65091
24190	70542
33560	96849
29500	112157
18406	103600
44427	85186
47127	92821
35771	105044
28711	61038
29181	68434
46737	96078
29278	115119
12398	108311
30574	89031
44823	75096
10722	82869
22958	104269
46174	73253
2737	78788
12554	66570
40518	75959
50603	62003
6148	60757
8504	70482
55685	112450
24677	110035
15463	97272
36143	90727
10540	97120
14561	109451
37015	103092
11109	112181
59676	79984
44585	89127
40088	94881
35346	65059
54131	81643
31416	94141
57160	83152
45005	77501
37870	111396
17524	74744
19677	110118
9065	92630
7689	86531
17539	68116
20180	99045
25868	108733
34153	86395
42749	84521
58619	107678
21581	70936
11522	94586
48883	108678
10548	106934
8316	72737
59835	74249
51279	67416
41810	94257
1567	105588
18728	112881
22951	74070
50628	66193
25493	64904
6787	68496
4708	71540
37338	65866
56267	102371
9946	80355
11753	88824
15869	66003
39764	102364
33884	83830
57909	103918
13355	116207
8066	67241
2154	108921
50441	101524
48324	115467
11153	82006
15519	99124
2275	113563
56762	104873
11720	95890
57706	67352
57092	104343
17872	82318
18462	91928
56116	88248
38182	77098
18875	98506
25173	104616
37639	102170
49349	76655
251	85703
20753	61164
11441	96655
7645	79491
44894	110411
709	112425
20720	110319
4831	75388
50495	95764
10145	90397
58414	70123
27827	74272
39260	117111
56088	115644
59916	116505
11973	110847
60136	63590
51518	115344
32234	74927
33298	106099
46324	93802
44912	70391
49019	107156
18496	109173
58223	74718
34036	81223
11324	113743
21486	61862
870	81520
17811	69316
8537	105696
47212	85310
40532	112799
12510	71247
26387	110612
847	62332
56153	115755
48236	73704
58360	115984
43505	101256
59929	69298
40825	68190
14218	68527
8288	85493
12647	113500
50099	100560
31330	75422
18472	76075
24358	115800
33933	116830
51733	76328
17905	73120
31464	84343
17972	87027
37326	75145
12855	75859
30686	83987
215	84433
10526	97874
12192	62616
12188	78235
48394	87354
8772	67163
39028	95185
17663	64480
13794	65222
23577	115360
12537	61905
55514	98411
7444	85922
22527	116167
22512	87661
29061	86324
25446	71029
52173	75075
43972	92930
59489	109860
15546	70958
42845	97093
17607	97329
36533	71869
30178	87268
59474	115598
32552	91356
54527	109922
39351	100456
37847	78120
41500	108575
25336	76709
30043	74866
26370	110734
59038	112580
6401	77643
15427	90637
17480	68050
5678	87227
43244	107214
38949	81896
28678	69703
942	113014
23500	84879
22170	79807
44895	101621
3172	108450
42784	86319
52370	115845
19540	111325
34966	66856
51233	108135
59260	70802
22338	106836
41557	108948
35557	107446
30610	110608
17914	85844
9643	92344
28694	92744
572	67830
10198	63040
35530	102848
5430	79314
8219	109537
46701	90485
42260	111952
5128	82686
7938	83305
50221	65942
35071	72127
13831	77581
11520	102774
19250	78080
51456	111961
35195	61644
36205	65703
40618	95381
4812	114802
57471	87616
58996	114736
49624	65096
3435	73510
53904	109956
23254	88212
28979	69494
45343	108861
42108	68119
31259	93853
9334	107551
10234	105854
40841	67991
58699	69022
7346	101855
32423	89380
18907	91312
13573	62898
31463	87099
9163	71427
49781	67425
38722	63877
9095	88411
40590	83592
40716	116692
51673	104242
3653	107179
42433	106314
16789	76651
35183	71262
8024	100739
52530	104152
35351	60831
3072	71820
32203	107422
41258	115070
21110	81298
28131	70817
58433	86036
50143	69520
19901	74946
16500	118807
35645	87866
55661	93236
7305	110589
969	100279
17246	105952
8712	101452
26328	80468
33774	86387
14194	82457
18446	90120
2536	90021
48368	64314
47078	63185
17639	117003
21942	70025
5812	118269
10230	102768
26425	74759
38948	104850
1037	101997
28957	79586
44834	68599
12709	63230
47349	71101
20225	81376
12744	98194
17120	72771
4310	76104
33441	103753
5848	98949
56374	83435
402	62794
45007	79088
6771	101844
57032	65916
20080	108298
6660	85979
5663	62776
30884	88586
57906	106188
41989	80061
31942	93604
21705	80142
51214	107210
59688	107849
58756	68471
7153	95906
17760	79276
7518	94430
49421	77876
14258	66048
1084	69337
45827	89830
20000	114409
25677	115493
36804	105453
1281	79575
9290	92017
12705	103672
55413	94445
23391	83127
46326	85903
38342	110914
5561	98141
41103	82745
25019	118516
6816	77441
35589	81285
42835	92493
43253	88453
34124	116742
26655	102833
16575	95297
24673	78567
10100	112458
11913	91760
14176	69028
51952	66415
21635	69079
23536	68173
10358	90558
24936	98696
31791	77500
34203	80075
54875	68520
10693	66968
3409	85344
48294	74409
36133	90259
41212	60370
49125	110059
15864	61023
23241	98997
57833	68875
58993	100786
41425	82366
53558	102759
36342	117442
4455	65618
27333	99116
55606	89456
27697	70330
23537	69256
44927	102326
2445	100837
9867	91926
38519	99886
59639	108074
45644	116360
18400	79094
43749	60855
3704	81816
53512	80727
42425	64088
24997	60406
22715	115071
10131	77847
21789	89860
51103	106867
44022	88761
5684	100410
15201	80027
9369	67737
31839	117341
31141	88197
48226	61921
36740	62038
30989	95691
25366	97167
30533	77384
1142	77135
10806	81583
59831	65404
9190	113426
2363	73085
48687	112729
59977	77974
40856	110909
24714	98271
60048	108825
44467	78975
28907	82054
12842	75832
52183	89539
2483	73664
35350	110170
43120	105819
18767	71271
16488	90350
15016	105873
41272	115239
20960	83605
56981	99719
42	70308
25309	63786
47632	73729
52857	115184
49475	73033
44135	94303
56000	118779
56421	111112
37107	79046
4954	83049
28303	99539
5295	98717
2290	92288
12597	77769
2773	72158
15839	104112
34676	112903
8389	67191
13316	81047
26557	99573
41113	75104
43008	99933
40292	89795
53632	80441
45781	82305
5286	98487
13739	84491
17670	66638
22998	100401
55731	77169
11976	105999
36568	85678
10843	98347
15328	85966
41979	74626
25516	104546
43483	98685
18838	70518
58369	79303
35244	63392
30567	115645
6922	95964
53570	62537
20769	111578
17279	105672
45893	60788
18244	65072
10277	91610
37796	64517
33922	97842
22361	102121
36711	90878
55859	83215
18069	66993
2052	99580
52455	97537
20604	93123
11304	89026
17282	63634
14104	116599
57185	103097
9666	106571
45995	78296
50326	110487
3861	67630
9212	105504
48792	87806
17001	84307
22453	68090
15867	89946
22712	102781
35665	60773
875	76735
15682	67436
25390	97287
27590	113229
770	81858
1007	96751
26556	107319
19463	94391
30614	89325
55572	86652
19784	110477
3431	71135
48982	86207
19104	106930
49255	91307
23452	94608
34922	97552
6548	79040
46901	118863
52538	97318
54257	113957
9261	91422
7010	61259
51666	118699
32299	79352
13024	108901
24389	114226
25224	96043
25901	103428
46981	81164
2132	103102
40636	87391
44111	102412
749	119003
40600	80988
29230	78700
58350	111466
21193	91357
26118	113177
54385	97403
37781	108644
6220	75586
58875	108409
27874	90103
11041	86202
46793	63903
8707	116996
14812	90446
21232	76117
9136	107329
33338	84179
41089	71758
26126	116087
23473	93724
54155	74247
23645	113682
5873	96991
29438	115267
42275	118335
44768	113028
47261	72307
17554	93663
972	114969
50805	60512
19725	99833
58902	78606
56047	60357
58052	71585
8844	110813
26872	65834
50208	67381
55608	82657
22490	71082
56629	85285
12220	67783
9376	70686
25958	82129
43296	81471
54646	65911
24643	73119
31344	76387
44647	63157
40688	80593
20132	60387
40613	65473
2038	66914
55006	110307
43351	117598
54189	74391
49490	85167
22611	77287
8914	118843
23466	92632
39949	66423
53884	94795
4798	112126
1774	85380
47322	115432
19710	93712
39802	78254
46243	89551
29976	79388
57963	104727
58949	98054
21315	105409
32885	68741
22341	72213
31328	63678
27114	80720
46477	118170
57748	94136
29457	115192
52018	97216
2914	107187
7152	101219
23181	94783
40219	80670
45258	100089
11752	102132
48584	60638
24833	118661
4852	69168
6966	76875
5703	87788
35202	107514
43005	76357
57281	64866
59889	112790
34015	101356
7955	105108
37022	107162
49514	85436
39971	103199
53740	80161
35428	91185
30819	114782
30097	76672
10056	67756
837	68703
28727	116614
32558	72931
18965	88312
48467	94945
940	96447
5113	108719
57558	93669
54567	71156
27941	72770
9882	91862
34815	80715
12971	71235
46286	83784
6239	82331
46795	118443
42204	105660
7306	99452
23338	96437
29795	72170
39828	77049
32733	115068
17015	63380
36510	78398
8531	95598
43543	62227
59964	80641
56819	117505
57777	69843
25487	107619
57752	74875
16516	61870
39072	98743
48857	100092
2274	65218
34821	91332
7242	101956
16875	109507
20500	82888
49404	117961
51947	105455
20334	70129
57266	92751
30595	104583
6780	80456
40779	115387
15215	117954
2421	117726
839	86863
25115	71367
40335	63585
48599	79969
1523	65978
20111	85471
33549	78648
55316	93452
58217	73240
53825	110932
18740	118100
55770	72586
51482	107627
57405	97419
27321	74119
26479	70080
34802	88231
9917	65139
10274	115242
16776	93996
42088	100315
9753	95935
42752	79839
16681	71825
55686	95593
30860	90467
15179	68803
31866	71098
29193	63231
8610	90938
17048	71999
48406	99288
14629	97679
35473	93797
14983	111547
53082	98948
21093	93929
49239	74267
49840	116352
46014	110272
28082	72797
39600	76412
32167	103681
25035	61417
26138	82292
17033	110579
52566	71617
7757	101875
27462	78880
38254	81812
46496	83118
28633	72413
32588	101155
28949	99487
10528	95332
9993	61730
3356	64279
42331	95406
51486	108267
56539	67409
4545	98456
51808	81210
38694	67000
39169	69132
15535	95074
21216	118585
56668	87423
31701	74008
51831	101394
47342	85391
54552	89415
12767	105010
9765	110115
15784	60995
29410	110960
45360	61965
12173	104029
27451	71137
46806	86012
49590	112608
26505	83599
2030	79203
57035	85369
23567	78659
3280	85773
50665	76138
11064	72031
39127	101131
39637	110741
813	65489
3075	66056
987	68295
6232	97792
14462	103528
45626	91600
6209	97160
11001	88977
8541	107523
16241	63913
50941	103016
36854	90716
19584	81619
10316	99118
17073	73611
27465	69238
11996	76320
32002	66568
55800	113279
7161	90077
59569	101918
35855	94456
32059	61450
11387	65150
59686	96789
27257	91105
50438	118754
50538	113982
34622	78751
16376	115874
4400	89621
6074	107055
23078	116261
33687	106735
40111	93845
41319	118251
5991	102026
1674	78914
41789	71939
2810	87636
26929	60714
35693	70696
57673	76051
4459	60897
30795	109124
36591	75923
14959	88296
521	66623
22379	110710
56475	74775
42311	111421
2035	67693
13067	118219
26659	115324
15719	113207
446	91121
37361	92620
54387	110640
16126	89203
5935	67374
18503	101808
52858	102046
57480	75678
6179	68015
56405	98100
54053	95819
29407	93158
466	62361
19498	72614
13262	100523
32347	82692
26007	70506
13570	92475
26475	89128
51801	86635
1608	87248
2464	65982
25294	108752
58153	110473
55269	96013
743	107467
57411	95810
59748	79658
8764	107448
1867	113590
14862	117335
53511	102746
5018	116659
11501	96408
42539	107805
23132	90682
29741	70944
606	61848
44877	79028
24335	91533
14260	69610
7923	116896
22933	74479
56111	66658
36152	100598
35670	97937
19085	98444
21065	115610
23930	89467
46220	100185
53810	118424
54208	101374
17148	89358
45832	71489
46694	76365
1063	64837
12959	93909
5355	66559
33772	97617
50660	89951
27026	71268
59076	78042
40780	116753
17569	88806
40517	96837
56254	94344
57117	95784
39761	107305
9529	75332
13366	69012
40327	99223
51252	106208
7471	89223
25900	100528
41587	101872
12614	82570
39596	118216
43083	86995
22438	66194
56844	69944
18163	86305
36089	113011
6874	69922
48700	102262
5356	66061
53950	116165
51737	87900
46384	100735
19738	90530
41146	88625
1743	97275
33363	96735
604	106350
43430	103833
32368	89007
46570	109644
3706	63796
12792	117082
19015	108527
42179	68699
1387	109649
57071	91917
39268	116307
42884	88992
17814	80114
34674	67474
42969	92612
43249	100672
2895	64712
18818	99577
11668	92806
17394	90487
36884	83121
56172	110038
59448	75559
17214	61823
49326	98270
28955	91653
44515	77304
37836	96904
36443	112739
35108	115761
149	99549
42861	87853
4512	84918
8312	116754
41838	102254
45497	63439
6733	110112
25070	86176
6263	81631
45297	71756
31512	96375
33650	89605
26853	77737
18324	67624
36073	81569
27446	73313
40820	77570
58222	74308
58778	118246
38039	108975
44697	89990
45779	85050
17553	93113
47509	119061
11224	91094
14986	79539
55713	90933
58244	71338
48183	68242
8982	94370
13611	63277
7552	75019
56820	106498
18508	100590
14655	84942
20992	78793
46238	73232
42176	98418
34764	93991
3425	94388
27706	91702
1586	89661
37979	109798
24918	96833
52978	80536
27546	109108
33046	81565
25625	75118
52574	114479
38412	100131
53271	82422
34912	70619
52028	101178
41107	103357
44076	95280
41502	108893
17805	104804
10079	82738
15122	116544
21889	73604
56109	63147
36099	78541
31594	82212
26903	108029
33513	66731
45482	103754
20620	72515
58332	100409
40938	118809
53081	104115
45852	90729
38423	83952
1014	114739
58941	85789
54273	64595
21034	101825
6269	62271
37170	78341
30297	65928
19391	79148
53129	113128
32133	61273
15818	99856
45330	114831
19869	95333
53658	73049
10595	109690
50216	68589
36269	68944
16780	116938
40646	61587
16113	69749
34896	97009
24903	92336
12708	83818
18475	111909
40316	111771
7298	73632
51752	85618
34037	113025
17243	65002
49122	67274
619	83869
49658	107405
44236	77318
58421	70534
23562	94776
19891	77016
20190	76996
16238	116339
3097	87184
24230	91427
18642	61515
30882	83219
28084	110738
12089	113032
99	65959
3080	111386
26627	101529
28093	87424
52422	77364
55783	85505
26109	105709
57820	85480
51551	98043
25593	73616
20346	103292
57478	90969
1219	90937
25034	93266
57569	63703
27442	65961
8612	69572
8750	118284
32556	101107
46103	100076
42489	112129
54101	99850
37484	78441
9639	81943
485	79090
34989	63010
58849	65089
40257	61342
30218	106057
17167	110450
12341	95393
45879	93460
35573	116532
18465	109397
33624	104646
45656	94424
45113	73711
35058	68104
27388	113241
48924	90182
57022	109988
40480	81913
56675	61195
29307	97867
21338	75365
32980	86230
18900	72954
10482	89351
17140	69445
10364	91311
58707	62653
56778	86801
38229	85604
12529	118801
42128	99645
42623	116194
16065	107249
34566	70006
49116	115241
44015	116348
22084	78675
16173	90073
35811	109221
17635	72239
29723	113387
5865	69214
11428	66167
27844	106648
23590	75936
31385	76961
18880	113639
18083	91063
2640	104526
14367	68328
32992	111733
57467	101217
59607	97057
2155	101015
17458	115433
4295	91160
5452	86928
2002	76621
43151	115970
17122	89409
14864	90168
32773	91210
24750	114399
47299	69951
3500	82268
52937	76573
11664	91846
53279	91425
31052	63998
34318	105573
9209	72989
42581	62788
41392	100208
57768	103245
54114	107244
31763	78121
20974	102322
15553	107201
22478	73640
52082	82704
40832	99451
41227	116384
26057	103228
6110	78190
39625	71661
10091	84347
27933	103435
346	69538
2867	94310
9088	61850
45322	68574
19288	63567
55273	65073
57145	80485
17065	95843
30445	85619
14180	103501
32565	86409
30335	115179
6472	86588
630	116199
9997	118002
56236	118791
8050	98734
57693	99511
54433	107341
59006	100804
16833	68435
14564	64337
47846	81462
1081	60376
12779	107519
25966	81261
11264	80613
4803	66786
49748	72107
58335	87547
132	60448
29187	66973
16689	81912
51048	67491
43844	74656
46928	109290
21013	110345
33275	108466
318	86173
15176	116903
50383	116811
6089	117904
11630	77285
58213	102125
37236	77993
36675	77795
22378	93599
39125	77067
19522	101121
29143	69744
3187	93830
45267	61997
51117	99571
7634	69384
47927	72218
52267	93539
16484	108109
39068	83355
45577	79986
34724	66507
37494	114200
41004	101265
24959	78419
6711	71257
59357	97672
57325	67955
53072	100476
7288	116450
2629	88523
12140	91810
2764	72897
44869	88025
37059	73470
44797	106643
9619	75714
777	71918
45255	85271
44140	116635
57227	107755
31267	101284
16814	99034
21888	86527
31111	70772
31760	66929
54048	77676
1845	90990
43199	74534
38307	97187
14149	66384
10116	61590
21066	93176
41604	80784
42014	65770
57332	94855
52733	69559
40011	106031
58399	81458
46331	112119
17964	68798
43045	96122
32899	87793
12493	118619
6578	81802
31566	96737
3557	65090
15645	103775
9642	66756
18522	73926
40803	95025
32896	86506
15965	112712
56202	90274
37122	63053
39607	71404
17775	83287
21120	105369
46404	63205
16438	67907
18121	117891
22927	71965
32473	64538
58810	91987
30052	100978
7663	104942
20002	100372
10311	71828
6789	105262
33180	96776
17142	111240
31500	116998
1449	72374
24600	91001
27409	100247
44126	85613
31262	105106
13100	65463
26772	92861
42828	66741
47098	78036
39069	105840
48554	117363
54373	75088
56353	77223
20906	91834
35907	85449
17388	79310
23830	83536
1860	71641
38134	75571
57018	70759
44661	74634
43460	104067
49502	78500
9884	76604
1879	64800
53278	99007
22340	113437
15005	97630
18634	83577
32806	98827
21995	72917
4200	116041
9296	103797
14141	67822
22576	94339
31106	81369
33563	84409
23658	68525
20022	80285
50967	73893
32237	71970
39706	73765
13584	117597
53245	110951
33603	112787
9178	66988
23117	77311
47339	65622
53624	81529
19407	67730
40413	65801
14366	111983
734	66677
41355	79016
33988	80638
25041	77275
13151	98658
18138	107974
3104	93169
26890	91908
16802	116561
57525	79845
42281	95782
54801	106680
56879	99335
38345	81499
38116	84170
17749	90501
335	90940
22261	91915
4290	69343
51221	101582
40077	113410
33802	65495
48365	113406
24344	119056
47573	80668
31207	75565
7110	65563
13155	61897
10975	77389
53802	63419
35580	99492
49467	76107
54422	74491
5070	117855
27500	91770
9682	102773
23585	102896
26261	72020
14635	112016
5024	86062
25574	90474
40964	71962
55416	105296
33020	112043
47007	74858
46826	97640
6010	98895
10888	111476
51020	73128
59176	116974
39502	87792
19936	114167
46127	103751
43195	99581
5449	113416
41431	100461
13220	62453
6140	108391
35259	81749
2349	113102
18762	117529
47981	86825
19320	68545
1191	82436
13405	116394
49087	89932
11388	111951
56206	95546
57323	63732
57871	79431
4633	117381
19992	108892
12007	71794
25853	101950
6204	112862
11081	96405
26524	67172
29819	67636
48052	109371
56525	110012
35505	107549
44296	66282
36041	66828
890	113862
43078	85973
39115	95561
12071	102491
32476	65535
53526	112370
997	83272
43458	64478
22205	88770
45288	110520
36430	104694
29357	111340
8478	115333
57975	82098
38939	78600
9091	102191
45595	84004
48787	67105
10659	106037
34458	112912
57006	116341
45525	73721
18942	71302
53429	109282
47055	85567
4480	103418
34614	64307
16463	117079
51860	73626
46337	66995
48639	75945
44214	89277
12395	115682
23471	73526
25209	94865
9186	61494
21831	60657
486	67478
19884	86829
52133	114587
31767	109811
2494	60899
54085	91261
30103	92116
24703	82132
12307	101509
60071	109170
3274	117800
52471	66405
18594	110247
26256	81547
4966	90839
30214	78954
52439	64201
59666	101151
46418	103855
44351	105789
33264	91276
39096	109764
50027	98464
30461	112896
15266	90766
18420	75151
24059	87392
50351	93713
42007	97894
25240	100167
7433	64135
59287	74851
43402	67683
14269	97452
38665	93555
7198	107177
10207	110627
19852	109464
18254	81191
11409	63855
7177	104347
9222	66108
47983	102944
24672	115214
50979	114955
11758	110969
28249	109568
23213	85425
50563	106302
24	77002
49407	114327
35961	81706
9072	66693
48373	78904
14901	68596
54003	71713
21740	78282
2966	115513
31239	67392
1202	85100
13780	104070
58308	69437
49310	62426
46203	85669
3770	86894
59124	115878
49638	71298
43550	98221
18342	112152
51572	79788
21103	114305
10241	73963
58430	75375
6781	100845
40906	76340
44290	63889
25754	77603
40750	111062
25139	97223
16739	116417
33147	112320
30254	74149
50955	64760
40560	101339
19496	97157
9966	88204
11315	85662
24208	98430
15417	97876
37223	92616
43421	79640
31568	73387
37840	63378
40446	73851
18485	65733
20598	68282
5127	64033
13279	63363
23111	81110
44329	64154
8829	92737
34791	97966
21266	97201
42044	71749
59692	63775
25411	71153
9328	106468
46735	96943
44614	70766
41087	89457
28623	65878
44134	104006
44568	65889
15287	76042
8525	113556
4817	64238
38804	111395
30490	114173
11456	61196
34888	110181
56070	61032
15498	81184
56318	111635
1522	65491
45179	75253
51644	114286
33327	87193
36463	113980
11457	101272
31546	116195
44309	71222
4328	103619
51819	106912
47305	64739
41753	64646
41074	78079
20747	64312
31155	85255
9442	71307
30664	93146
51222	60912
43743	99394
55001	98198
45195	89008
47616	118030
34559	114501
49811	76236
48654	112186
35587	109093
59179	104843
60144	64694
51671	99665
33222	69694
16779	114248
30241	73153
15790	104938
471	69826
7294	81703
23308	80398
56465	79928
55617	105995
49170	84671
33340	109826
21136	76568
39019	82214
33699	113246
50483	94168
13736	116674
21335	116908
19026	76210
1306	71251
44556	84151
32587	101275
9948	63664
35776	110789
8141	67197
3937	106265
49372	102597
4123	90117
45023	110733
41444	98861
44262	113986
47054	66855
58014	93447
49844	63814
5184	115868
55139	95675
9571	77683
6086	107311
6332	60240
2078	78262
43552	111120
15151	106111
57800	69464
29070	98608
26964	109189
50981	63039
50838	108840
33292	66586
36697	67254
30474	61251
13898	65946
21236	89916
25539	84867
7453	68043
26156	61684
41408	73476
5045	99485
58098	98700
3156	96130
23960	102927
30919	91151
56714	101814
45227	85850
22232	63583
24755	79412
31033	60531
28207	106249
27661	92361
14418	108340
43629	88482
35946	105266
38191	103668
26522	82642
7772	88241
57513	94816
8773	78490
35777	111488
7419	111296
3639	108981
21180	88111
36034	111123
41229	89660
2835	68347
27418	78644
17574	74882
23607	116385
21537	116026
55328	110253
56319	115255
32140	91380
34569	116181
6483	109229
2223	86810
41169	85022
6860	104047
43908	60753
25612	68966
31911	79753
11581	84745
40765	70328
45354	88513
5076	117544
27246	114504
17137	102841
5352	76838
40003	80509
14952	73621
29713	111317
58221	88999
16501	84451
11152	116720
5784	104813
34260	103446
1988	87197
46646	102004
6108	67216
37446	70140
34635	94340
10282	109677
33447	107931
19245	67057
44101	78711
17054	72235
27939	92786
34893	72879
51362	83904
33959	60408
38984	93570
25646	82226
44949	103383
20602	67978
38572	84797
230	65572
22193	74954
17254	107251
51234	66763
54330	89401
19731	99200
27625	80539
50034	65365
55463	103134
34698	91059
3685	117677
41224	94603
5553	100861
917	61252
11096	109546
7339	66378
25143	108593
31183	86560
1162	75702
7600	105392
20495	98769
16107	79437
46664	84467
11779	72434
29592	91499
26947	63281
1267	115376
56295	100466
31098	83617
44595	100027
52635	95427
47787	71843
32607	81481
7530	70891
16862	115494
22265	75502
10087	67451
41436	111002
46698	94643
46488	77326
7123	118401
15231	76034
51139	76717
11094	74378
16	65394
35963	91837
57428	93187
54414	117849
7883	70216
13073	101546
41161	84576
24871	73553
32358	101913
16293	69069
26496	102007
1813	89063
40182	65069
26160	64356
48572	76690
39602	95461
1752	83871
20234	115923
5439	105211
2729	95870
39498	88491
3489	61160
24031	86326
44056	92424
10333	89039
1464	92477
5681	107189
26333	70873
32702	78611
48586	93681
6073	94204
21663	107047
49037	93530
1709	108936
7246	107620
5539	102427
59444	109941
42922	85573
1226	63929
54993	87439
7362	96249
13781	118623
25882	79925
4961	103122
22691	99982
8526	103937
58182	76967
50172	102908
4499	75023
13648	89726
6023	110928
21492	81113
14444	87394
51265	64521
33172	88416
37721	62819
47472	86413
18387	69471
23415	92246
7497	114153
53841	118747
20773	98947
58824	75181
11337	112655
6253	100967
11213	96626
8762	73489
52379	67033
36766	80472
60155	85537
5190	107304
859	82572
38521	87418
49587	67072
37563	90960
54894	86070
23376	71506
26798	115081
41416	60434
6369	103830
5061	64736
59953	101750
1655	100157
25916	61949
38421	115035
29776	111548
43633	107436
27877	77914
1384	64589
15459	90661
20211	84036
55222	96705
4178	62885
44648	107950
11751	87417
23289	102143
17717	107200
8530	112994
26626	93520
41515	86872
16663	102924
10931	117770
31326	93982
7606	71491
52329	86553
12134	110569
50081	101869
44621	90492
58173	63636
9421	107838
35079	113853
47177	65531
28493	79792
35959	98369
25002	82610
2792	75107
38290	99265
46499	78167
22167	108508
35533	73609
36723	102407
15315	95474
6322	96502
53120	65358
11201	103570
51889	93744
59570	67169
48590	86197
40256	111850
8925	72283
846	82309
49720	119058
59110	69864
43333	69633
49283	84759
4275	95018
58307	112642
10653	93386
7260	64641
13711	85338
58576	69215
45580	76523
5693	95924
19393	98261
56774	115669
6788	97017
21079	73529
51494	71091
10339	65262
8885	69493
48329	109712
55221	67675
15249	88890
46071	98130
45432	75904
55358	66616
3261	61984
45928	64794
57887	86828
5265	114306
28668	60442
36617	94082
22477	102887
60168	100011
38649	86778
34204	87498
49739	95501
34498	83822
30913	103761
48629	86340
33621	66697
60112	88330
44023	76809
41582	115120
28664	61366
36834	88464
31363	67892
1642	105941
15963	88325
55720	80336
43500	72450
21234	73624
36350	106608
18210	88561
49280	116361
32849	96874
55500	91641
10974	63981
33289	81119
31545	63909
54807	79138
2417	108144
14157	104519
31307	113319
30387	86465
24836	108588
40002	81367
33373	72881
48820	116880
14096	107967
32573	101126
19405	68057
27187	97839
45486	86076
41812	60988
43823	83418
16617	66861
30085	88082
20774	107147
41186	84887
33854	91398
57074	91115
24531	106142
41014	109322
31553	76050
45958	108078
33595	88638
4839	63746
32547	64980
50500	112603
15629	110686
5783	81661
18113	79067
46769	72167
24180	114344
33911	97713
35054	66513
19326	89743
52330	79202
47090	107953
7074	102493
37071	69810
4878	70465
13101	76594
23761	83659
47797	62893
21613	101060
51638	86749
46136	98836
8936	82052
58243	118343
5715	106279
32793	96918
15659	108265
46236	86353
15042	71634
20902	80071
51495	74248
7964	62337
34751	78704
36857	65793
4222	89575
48786	104159
3640	78598
11332	87475
43815	94152
10787	84393
38232	104811
25658	93001
51971	64002
3507	91029
17561	88656
33883	61865
12938	80808
11220	89384
37471	69088
18666	94409
43744	108701
19722	115456
53478	95612
34120	119025
58347	100994
11739	93256
27472	94142
41616	114510
7584	100632
49392	84866
39962	96958
20404	76527
8574	101762
12450	68809
45362	83876
34146	78365
9561	79534
26894	109176
43111	92522
51196	66131
40221	117858
4864	114227
12676	95341
41149	107976
20704	76032
46229	104607
32226	68756
34642	81658
43449	105992
49241	77742
40708	109492
57417	64171
51437	72582
53652	66928
48338	97541
59873	99221
36891	110600
51792	84394
11077	100715
4319	97957
15912	94166
58610	67912
26062	107608
24809	73159
17460	103849
24213	97953
55283	108015
6712	109363
10958	111553
39935	90660
49321	86238
47301	75989
51123	107703
4745	67996
48860	72198
16980	77855
41652	74623
8444	86953
28987	88418
30309	67993
47190	66839
51197	100118
39281	115580
29691	78691
42925	116465
28296	81196
12430	98885
9280	87449
3066	88666
20075	80528
14583	86239
11285	64007
17626	107794
11895	100574
49114	85012
36969	65290
21497	91824
37545	95849
30834	73350
2272	118993
51842	115130
8681	82311
51898	91483
3039	110970
57865	88306
14768	93474
26035	65924
24754	72894
36082	112466
42602	93730
51564	66170
24014	65321
13650	114620
47445	79596
10510	114266
58871	70204
40752	97524
25082	82694
3128	73930
36846	96665
41611	79676
33509	87300
21062	87671
48539	93117
40079	81517
35371	115589
33200	88047
15472	94961
42605	85685
48125	114762
15096	85139
52990	111818
7189	113594
20588	85834
17784	85418
34306	112374
56903	117266
35953	70999
15376	117695
24931	74703
10324	60588
37280	93763
7677	99154
48482	92376
53208	95088
34703	114187
17444	106829
57038	62995
59595	88026
18710	118036
48576	108344
16188	76148
11083	99733
33510	110938
37632	61516
32569	80201
58255	65970
28171	75339
46065	95836
42363	114744
46642	65013
47601	112836
43270	86893
29905	77693
563	116278
11330	101453
14409	69281
34665	116559
59895	79362
47295	78933
38633	113669
11193	79937
12857	106239
23903	63792
40675	71059
7817	115675
28245	89693
37093	112127
15125	94614
41491	71611
14709	61270
40472	85212
18617	80319
45872	102375
55772	73555
2371	111263
8602	87539
21745	87140
8359	116249
14115	89854
40988	111523
53605	116480
2769	93943
11897	97846
49540	63415
49314	63049
45180	68440
40781	79906
49565	80395
7762	80028
25016	83998
15891	84288
58343	100395
16838	86705
21733	89161
57854	107812
5615	86171
20112	73680
3031	94635
7398	74129
12476	118428
42723	111192
23700	76398
26297	83831
10246	99185
12724	85725
44186	63963
2682	99073
2458	114270
28938	84143
36979	79235
50721	98842
16760	73443
56348	69825
38218	92764
9734	84673
1950	70496
10167	86990
21506	87970
55173	106985
43215	105145
22393	98848
52878	115103
18648	115195
41934	61857
10873	83672
34475	99404
39414	76770
58096	76270
8500	62059
32672	79688
37902	102221
33862	82035
49931	89278
26253	98736
47780	97110
57827	91213
46715	62259
55806	111004
36127	113024
16213	96790
54394	96597
21143	63187
7715	76706
24733	94093
39878	84886
28240	96468
52890	94651
40255	97284
11439	85938
54206	95379
41312	84375
13082	91178
30098	72095
31334	86606
21873	115786
20529	83003
5635	91445
17693	91295
59182	61222
55317	79875
18525	82427
6512	102386
29280	69882
57373	67921
20871	112328
19362	94931
57259	93099
19287	112713
28057	113431
44124	89879
3541	63656
36131	65011
50365	63812
55047	99893
29675	101245
5673	105500
24202	83554
38992	77026
5665	91170
31411	81701
10775	98515
50778	87994
28430	90906
13990	65301
49260	79211
49762	110930
15362	70455
29227	63580
36580	112041
33518	102974
28577	103031
3925	114616
23226	67193
18124	74224
1779	112385
10279	93526
36212	112746
50513	61890
16431	112584
49955	91239
54034	99838
18107	114414
45043	71016
43948	110940
42869	93436
52233	81143
47956	116054
35540	68547
25398	75965
40540	110704
2229	61301
1458	113429
11931	106800
42208	98682
23967	87169
18703	115564
16071	102691
4618	103371
10624	106663
40608	104739
6822	107332
48186	94232
26573	106005
37330	116610
5994	102215
6528	71305
31476	75544
40943	113403
10685	66538
27235	87799
27135	96627
7937	106937
26620	64519
50385	87749
53385	103413
47051	95125
7470	82607
59714	60381
37296	91871
13946	76348
3198	64804
33597	90119
5725	92245
34460	92962
41336	101867
6386	92092
4632	106861
5795	70547
16700	103395
22590	111644
37465	72121
48801	74977
8258	73903
59541	61876
58622	94115
29086	114376
4264	106882
718	72438
22971	66566
45168	100612
54812	75315
19950	95313
36982	76478
30769	67040
6355	81515
28757	117243
27825	83099
46536	101091
51502	62549
46824	63395
37006	65323
26757	60506
57429	112414
35974	77201
30164	116684
5586	108333
23039	101136
59143	81952
59052	77123
25379	116211
39271	93204
47726	84117
39660	107806
55281	86930
12980	101765
49427	68633
47743	106909
32522	81575
3753	102703
36776	109602
46716	91766
14139	92527
15091	67080
18699	84777
32431	97001
51581	85748
23789	65854
14927	66733
29672	111675
3170	112980
12539	93092
26545	98723
56588	71249
37271	118106
49481	66675
8090	61322
19666	68008
59499	78135
5153	66208
59386	112150
13851	81752
48267	77284
34079	92163
36240	107557
24033	96376
38292	105990
34355	79044
54215	110536
33996	104395
14795	94405
39195	72983
31092	113867
25065	102807
44758	95064
55970	111028
18529	105042
22895	75482
48720	107596
32599	118728
56705	104989
36259	86890
40603	104228
32684	104227
33269	88449
20177	72623
15466	78344
33063	101474
35302	61994
59327	63853
20219	85997
19861	62195
20834	106462
23386	96884
46644	106970
58911	104248
4401	112462
46805	84585
7690	80662
48452	70738
23677	66093
22027	111819
5349	61210
4507	72506
25751	97858
26430	99067
47804	60554
13753	78084
59064	105263
42399	106510
37970	101554
8140	86792
7610	68067
1943	68431
12499	77474
27315	71549
6326	62854
3117	67612
42981	90146
31997	65192
50024	109305
28885	91297
21288	110010
9195	98498
5495	118385
59391	115336
13892	63572
31560	66503
36332	104745
56625	116174
44219	101405
33160	79610
11552	96475
46004	97007
23701	61452
15954	83122
29824	112564
53378	111843
23521	80667
5995	74159
21899	104478
47407	71948
17130	90650
54559	104386
33194	117421
869	108764
6595	104085
26466	83412
52236	108778
17387	105944
22392	85819
48854	115712
38017	111032
34205	105090
5778	103628
43034	91613
57522	73745
6882	79652
19168	105577
19197	95529
3070	108959
55020	109527
17117	82836
46168	85813
39680	78633
4042	89066
11234	87595
52627	81652
41214	79251
2165	96889
45391	108094
25455	65508
6302	68700
40582	74726
16076	87832
58365	107691
8046	81000
25830	72051
53633	87682
15080	76143
40884	112111
10289	70533
22871	93524
4979	70744
56452	98826
8417	115065
16582	62096
8062	79023
28534	104976
11160	61741
42631	115899
278	95614
3666	98705
39183	63096
1687	76510
12400	84883
3979	101900
37806	115672
24040	90266
42517	62380
16163	101156
42093	65111
7831	97398
41507	64440
5907	103077
35635	85702
12462	107239
18637	97740
42215	72370
31103	62240
26747	86077
14086	73818
4673	85259
29479	77431
13536	79298
13849	65403
27311	87668
20840	66738
4376	111068
59906	105230
9653	104793
16616	71889
6397	61278
17985	105032
3455	65735
20624	83748
38837	117297
31287	94910
17982	71465
47620	112865
9009	116810
34272	102134
56794	111964
26441	96676
16745	60926
53089	108595
2105	103703
51883	115020
34532	60985
52205	90752
29390	85289
45040	70757
31907	110996
40663	92305
6064	66227
28708	70253
16141	90357
56982	64295
22016	75256
13603	85452
58327	86510
44801	95620
45874	115438
21088	79176
58201	87177
19513	83949
47850	106272
40939	69846
37295	113372
10035	76044
36937	94837
18599	91744
43979	111721
28630	113609
1740	102806
10182	69235
16975	104650
34878	62485
4992	70250
15861	114745
24342	114710
37999	107722
48764	69248
32584	113750
41853	68918
165	92835
17097	64244
16396	89789
46873	89359
7348	75660
50507	110774
54721	111752
35367	92875
29064	70138
19285	66112
22834	82274
8041	116965
7977	105675
20353	117217
7382	76832
55209	95153
24197	78743
17988	106590
54691	96245
42189	69699
20883	63548
16610	91388
13501	106376
41729	86819
16427	115342
56069	114667
9822	92044
59307	96662
52754	104182
9374	111979
56044	109753
15297	101402
34176	90589
36570	104635
4416	61320
20251	67590
25180	112789
30717	78199
43327	102158
13774	118104
41231	91604
29124	71395
27560	66178
31499	107876
2104	110723
44026	67795
24374	68524
9876	84830
21381	94969
14933	78283
44778	72600
49257	60997
46225	101221
16679	113528
32638	98451
51938	69378
51606	96535
30146	117441
43997	107482
10040	81319
56935	67594
8524	91475
57966	100305
18526	68886
1313	100486
22462	88974
23361	71651
30515	109697
41292	73766
24146	69689
14677	74727
46833	66555
56024	77987
40950	104116
54351	99916
32095	60892
49628	74185
54518	98518
47344	65180
39460	63846
36531	114561
22757	66040
25530	66426
17667	83721
48115	105791
14344	71831
20290	78332
29247	111540
41086	71380
30658	90693
32768	100471
29255	65364
48181	97042
15770	89724
2352	100254
33721	105363
33265	114644
6361	70798
47091	110869
7728	61986
52712	85730
44615	100879
53427	117035
54827	108323
15646	63398
58358	113773
14192	81179
52221	65540
40573	106690
22761	102361
15197	96604
33752	102646
28337	81387
58050	75167
56593	88090
1627	91867
92	106405
34005	61636
681	63368
57769	113389
1493	73439
29337	68172
11321	68889
49793	76323
19415	78586
54843	96358
19987	71244
15632	93598
17021	64290
59195	69244
19263	87836
51240	102637
49632	73868
54666	86564
42025	60901
5545	94925
38618	102085
19882	112201
55540	80774
83	63764
11008	100931
14944	107191
23400	114137
3562	101165
58490	63973
5456	106034
8886	114290
27204	85189
6219	108302
32217	114992
38247	88419
50761	89410
28693	109530
52250	89505
1644	100668
32141	103866
52486	63295
57920	83035
29676	68114
48258	93987
58290	69457
46707	96452
41845	91869
11082	101834
54726	114674
8882	98756
53630	70786
11945	109207
42813	105114
2114	116097
13773	99427
55712	87180
18733	110269
37099	110731
13755	62740
35224	68572
45204	80498
15390	61294
33072	62571
37121	63558
28968	87962
29633	61693
59511	95679
58621	70565
29815	110129
1846	103722
30815	80421
28532	113313
56597	105943
34209	108255
45780	107388
19450	78424
26855	78057
51786	90456
10851	79108
23087	110310
18894	114465
19375	74126
44216	108278
20991	87913
34611	99629
4891	92110
8287	60229
58282	94299
2749	100859
4469	60482
30874	118259
44537	118350
50161	94806
39146	88564
22758	113652
39719	80658
15000	97307
51180	92834
40744	114390
35423	64808
24978	90328
36534	101781
8700	110292
59994	74706
58736	83446
25418	99986
12694	111919
39852	72793
44471	68462
31822	89285
10084	109980
11834	74533
56255	79537
60077	113575
8098	74033
28320	72093
20973	77020
57519	101116
40749	84107
53232	91848
31533	74048
8319	80960
3750	108836
26709	68935
57246	80682
58635	72478
48432	102444
17600	110644
3101	61971
53967	68690
43092	77050
42221	98434
45658	96542
26034	103699
8532	97837
35913	84862
53578	68996
50038	71134
11436	79751
12405	108529
18709	117768
35506	71398
33350	110747
59690	86541
22521	114919
10215	70750
8095	93673
19123	87127
55987	86254
28655	106528
45097	63466
34087	113948
34158	101926
54648	88517
27989	97126
14545	68888
58632	84720
3516	96994
38564	73494
32200	83640
14290	64984
51637	74675
52238	80572
9901	111058
15406	118596
4339	112476
58237	108949
12133	97188
45718	62623
203	61790
35936	105000
14877	75996
59471	114091
51493	86166
29493	92922
2872	68459
17617	102625
2470	60423
57377	62196
42584	105982
45320	97071
57970	93073
19109	72090
44681	72641
50259	117947
17189	81089
26615	71090
14339	69364
42789	84799
46088	104614
2437	82453
55771	78060
42553	113676
46380	63933
60185	93067
52781	94230
44328	116371
20010	62487
27958	67510
11151	100093
50036	65009
43539	118975
43591	100228
57158	69372
30912	96366
44878	66654
48412	110000
35234	103549
2181	96410
5753	82198
23301	62068
6354	99554
6277	90014
43432	65198
20593	62850
33503	62851
40983	61157
22270	93614
5556	65372
6715	72117
58614	66427
33170	95656
20288	68470
3936	80506
21265	115814
4655	77028
57942	96075
44075	70203
1999	102678
2251	72865
56360	63322
17465	111428
49520	64919
42576	101281
25707	100641
36497	87379
30040	111233
19127	85097
264	83423
6072	95272
6678	78791
47640	102194
2316	105628
50253	82038
39181	78247
35119	96828
47709	63685
4767	60698
11312	87463
16347	64971
41916	73627
10181	62081
30463	114610
30792	111158
48847	102697
60188	78174
56581	62756
32498	110620
9720	72262
13734	85833
6181	116889
21766	76307
56520	89172
50653	104151
14647	103601
50264	75380
3265	69149
25134	104392
22796	115312
59147	116711
7082	86732
18871	66504
35301	112767
2071	77658
40801	92772
45677	92455
23936	94144
20454	92675
55701	84130
38715	81094
13727	116268
4297	76333
2173	108205
26374	84813
12265	71064
52503	87854
43242	80745
44636	61607
8824	65466
20474	80206
20970	60833
11098	68289
7417	116391
1183	72948
2694	97063
39360	68074
60143	97220
37953	85898
7165	66181
8723	90227
56556	115920
1673	93359
52583	92686
20775	101609
19350	63142
35264	64972
44474	89184
30026	101598
31332	98399
42012	99230
7396	113951
21525	84566
22969	110594
36226	84077
40510	65571
41706	99016
55919	88164
57544	61759
25861	88697
47584	100216
19018	84870
25351	98946
22661	92666
12730	61539
11912	80650
36279	88995
397	109164
3839	62402
34770	74266
59480	110039
35405	65025
26936	71996
46402	66520
40277	79256
23944	75140
55598	108342
31668	105330
50195	95140
54916	100463
16948	70060
39209	61188
34818	109079
46627	90734
43198	91886
36351	79483
43746	106558
53229	88641
27475	93470
40844	112856
27365	85784
21851	62982
16278	111109
10498	118799
38588	73359
52611	77327
17602	62297
39794	86193
54828	78982
7851	112279
57725	118283
607	106192
20471	100604
39749	85769
11789	69067
13738	112214
16046	97112
14690	117722
10070	68021
19856	104034
52394	118715
23901	72254
15163	76064
21557	105402
4347	70263
30005	82077
39132	111327
3909	74205
57358	64896
40546	74059
6601	62660
10656	67679
26949	102912
5311	116948
37045	93149
49150	110429
39543	74664
34686	66719
37498	88869
27517	75873
45951	65205
3250	77109
39814	115197
1108	62130
32213	110680
34598	88191
19789	87291
50048	94211
15505	97280
52542	80237
9811	101937
32886	70247
15439	87203
12336	104944
48155	86675
19576	77427
5788	116756
46992	100607
13190	94768
29023	82450
22326	113435
59605	71344
22066	64709
28874	61766
46634	77942
59234	64964
52374	115211
13525	69875
51549	62655
54071	67395
42201	74737
12570	94564
27790	83206
53351	108937
59412	101499
43059	75313
38042	66481
14323	61296
10678	103822
14447	99397
26080	90958
7409	118143
43830	92770
47136	104215
42043	68398
34715	104351
931	96899
45286	79245
49199	112105
21227	98602
56010	83561
7431	85942
20054	85776
19423	69514
17372	94067
3445	79359
22423	104789
18845	72352
15648	69062
1443	96256
23970	63717
39526	84236
30663	88805
6345	83295
9536	84972
19271	82576
29151	96164
33773	77908
35586	116138
23204	117148
20808	116594
1018	71512
16601	60501
34477	98366
18030	109206
39062	101964
11997	86160
9903	93912
53169	104924
41850	108271
34948	89956
4766	108696
36965	91131
14995	65829
3456	77416
4007	91599
27499	101365
3285	85044
19654	75738
44499	100917
40323	73040
41304	69365
5455	118576
36260	98319
8689	81345
40201	88398
30076	106919
43001	70007
18794	77452
38547	75729
43586	99880
45319	91262
12786	72765
41043	65624
37611	91227
40248	70803
13676	63907
39241	102245
58166	69284
2583	64147
29209	61656
1470	77891
10592	72544
19335	103093
32516	101183
46711	70307
10804	78078
30137	69718
6002	108142
333	118133
7350	100437
50867	92269
52070	77814
45712	76133
11013	84766
53058	112650
5160	113165
5488	112195
45241	61877
15653	117463
17274	101325
8283	93656
23102	110924
37569	98004
20814	112263
51910	67918
20609	67150
27547	62971
57818	63788
585	101575
42881	86921
2088	94817
31742	87820
52067	65142
24210	70124
2931	109842
40439	65391
48004	103702
10331	108371
6990	88774
12102	75214
44935	78044
20565	81928
5326	101800
3113	106440
54310	79892
6046	90632
20374	90441
56279	61459
43785	91315
36790	65152
9887	66788
28356	65584
50422	114515
56978	79170
54785	88356
47475	114581
27684	88270
30116	67066
45766	91010
9126	77941
40645	103684
50982	99377
23988	76831
35898	105421
2989	118900
10995	92167
6406	96236
21168	69732
27927	95490
4136	114394
41396	114690
13969	110306
58093	107673
21603	62023
23186	85299
19443	101527
52807	102819
57819	61356
42270	97320
7586	115227
1604	64477
11714	92189
34937	92952
24250	89969
9404	75306
26167	84811
27539	109026
50266	74881
59423	81622
25688	65590
11052	110601
50016	70112
19387	95889
2496	74760
39168	109806
60051	103781
19977	115087
44750	62170
12871	88183
16140	112393
47822	81236
14885	77158
30095	74024
1565	83207
18032	88002
53063	94560
46082	77540
31456	66985
14863	72844
10029	79774
21827	116763
22643	98566
21155	100543
30532	114230
10305	90175
32726	65717
6654	103939
17654	102941
27730	108699
36785	82416
6436	110545
28692	99278
46911	112723
36338	102086
41525	85339
53228	98061
32118	76587
12756	61886
48963	112747
34627	77321
44338	85222
19360	92745
51596	114334
20309	62937
3676	115134
40519	100307
18852	116520
1556	69671
18126	89045
17008	63604
1099	108170
58922	102282
54218	109031
47232	109246
45489	84261
56899	103278
59586	63098
30219	70730
47479	94215
21406	72180
46727	89980
586	70015
40251	94985
21446	77254
51736	103878
15380	90317
29251	112134
45942	85867
23094	79477
18056	101230
12601	75920
55394	86594
8300	107712
47369	117059
9117	117676
58465	103167
28465	118589
23698	63453
52346	94967
38988	78038
25946	113936
32222	81304
32536	84045
54000	75837
37368	89764
44461	105800
53847	90701
39656	75102
27047	60404
28101	90406
44833	79796
2710	87819
25619	95653
272	78900
528	96402
48636	116562
44199	107747
17434	82327
13906	73743
47165	62496
34140	113238
33967	111668
56265	78269
26716	111139
58095	114654
46725	74241
17481	101564
56101	84074
14440	103068
39140	98065
41274	84791
23018	67560
51181	68644
28379	66421
24808	98807
40271	97836
13604	104011
17904	60943
5745	75903
15876	118966
16045	114130
24350	71492
21510	69299
50440	109346
69	63201
16362	80936
12195	79593
3921	113334
31851	80511
19084	64559
51160	106473
12838	76247
1886	63847
17936	64504
52709	67198
15309	110647
32633	84601
50792	91102
18266	72599
9567	114758
27557	97472
46624	97573
54778	63568
365	100189
30152	103037
49470	88682
25763	72962
4133	80978
27692	75912
49812	62209
30147	76020
6508	109686
47077	97046
33729	72000
22210	100910
56733	72261
11867	67385
15007	73055
34029	65460
36478	88378
27015	73282
53888	100564
11887	115054
26231	114781
29991	80339
38160	89823
24562	90089
16243	62385
6376	115612
51642	116061
86	64881
45880	85017
4101	113409
10691	68742
22185	72149
58567	79099
9881	90285
45465	87795
23465	95606
19448	60273
21452	97775
58640	112752
29205	94356
23785	62148
52150	60927
55909	66398
35509	76683
33433	68320
32317	90092
8843	102865
41628	80898
6257	95510
13678	94048
26532	71955
37615	80878
7682	63771
47100	77845
50859	118244
41876	99362
33232	113090
49388	71581
23774	96498
22388	114833
10619	92227
48475	113051
32242	100429
53895	63158
23971	96516
47424	114436
13098	83526
21114	79275
56335	113963
46259	90163
39170	83937
804	109508
27839	78668
56565	75603
33735	91951
1389	111282
52305	93708
56738	67583
15423	91008
17677	99587
11286	62953
8483	84752
31449	103483
6752	66125
22418	74427
13323	106824
21573	88645
7614	91167
26517	116264
47540	112973
10484	81168
27559	105270
32880	61372
21699	88338
26950	90712
47065	80911
15031	92381
51643	79714
41125	114755
30343	86590
478	115808
46597	65639
24345	99329
15250	93780
41203	85073
30933	96028
17056	90102
30518	64136
39634	100299
48170	81617
54912	80070
44012	97130
32065	109593
17906	85857
50293	66932
3510	77800
34352	116767
14002	99978
23283	64781
12534	89168
12467	111806
45115	70039
41889	92570
50535	85172
36072	75683
17801	90189
25728	72119
43134	104692
36807	88130
42978	80325
178	69654
8254	112249
57708	75404
23751	75183
15461	95372
1005	107540
4923	77047
32094	85466
19150	84643
3857	104756
50020	116184
26919	106110
4150	113741
20827	75178
10884	98441
22729	68987
43114	74087
58353	87756
42838	89090
18052	79407
50730	82719
7740	111049
37601	108027
30150	72674
26463	66013
43593	77503
14406	101254
11588	93688
19133	65209
37095	87859
35406	61616
32168	74264
57861	100082
2348	88158
55157	96620
28079	91134
58489	70919
5936	115111
53608	111167
45915	104719
23092	71821
7647	105475
20456	62176
736	94426
23057	87551
46160	91264
20051	67562
18846	91808
55444	116296
37112	114815
44883	74829
53243	94373
45602	78774
6289	80243
3049	76511
15259	116308
4148	96897
50070	64986
17796	66290
46315	63370
58063	80747
34776	76501
24293	114695
54120	102801
27281	104726
29725	115668
47697	92848
53599	68200
19851	95169
16979	107675
33885	109627
37559	72971
32216	118873
43995	94145
33810	111071
23321	83995
59581	115916
57967	71112
52568	115893
54111	89462
17862	113593
5479	103127
31441	72643
3275	90922
16117	118035
49201	69288
57881	97029
41286	116305
35152	88649
28027	67174
2216	71143
4471	64451
5915	88779
25321	84590
16416	81016
3762	71132
40924	98320
56222	82622
18553	88448
43454	67309
24279	85441
50686	111611
58773	66373
28116	101456
22966	92723
40199	94075
44857	63809
34809	92062
14555	88973
36724	100671
8730	63864
44701	118323
5717	89399
12522	102352
23840	102905
11104	61624
45527	95112
18459	91451
37677	102711
26380	90944
56747	114730
20689	94267
40180	109736
53289	92043
31359	97810
11691	99243
7710	77188
39270	99117
49080	71813
7980	71136
46217	91934
3366	80424
49232	104024
50621	91514
42058	98290
47984	63459
32124	73067
19152	76388
29157	61118
33129	68941
59293	81428
5572	101724
2619	107544
395	92838
9501	114743
39712	107409
13725	83680
40086	113106
44055	70072
28888	79258
17497	71538
53669	93940
15212	69379
32267	118047
10417	88906
32623	63946
25080	91085
2191	97088
26428	114878
43947	105752
100	103787
46830	85907
50969	88479
24570	97256
15726	76174
37996	72910
33516	79631
37417	84823
34405	84082
28841	117652
24720	61606
39301	114807
12983	91057
21853	111184
13786	88609
5913	72291
24085	78432
34858	74489
54718	94966
28706	88434
16634	72534
35919	87506
6553	84670
58039	74833
50180	93621
12977	80812
7961	83590
40577	74885
10359	81970
17029	111402
60014	81009
59759	80879
60125	87843
30553	114577
59954	73761
20517	109035
28784	119010
45894	68588
26235	95821
26550	97526
27942	92826
51218	72001
51669	70825
23530	73142
45162	66034
34584	89310
41908	107260
33038	70079
25063	70847
40782	74462
11140	105556
16175	118588
1801	80940
48794	91348
22771	101089
32933	96931
29011	67043
54482	72038
27399	90523
17383	80253
43042	103613
57422	93145
55510	97369
4769	88039
56814	85918
20232	75394
5409	69858
24472	75998
26330	93512
19171	108336
52589	61418
39869	97534
27813	88073
14620	69571
24559	111431
18663	78903
20864	74754
13936	64131
4672	70281
3195	65284
32264	111333
45281	91464
24537	95373
32844	79114
13546	68777
6377	85570
44816	105983
19429	78397
37508	101927
31693	98413
54941	117021
32711	107163
55353	103143
41412	73320
11287	76294
10920	73291
9539	98014
51907	96810
28922	84292
22932	112724
54345	63351
46076	85111
38490	69923
46587	62861
25412	72308
28781	62062
40773	114448
14067	108126
51010	111572
23129	63878
45745	81309
20426	103869
2492	86125
11117	102227
51532	109435
10641	101842
44902	75779
61	94523
46474	93239
16217	96239
56342	60724
26223	96398
53877	82438
30601	69598
3492	70561
44018	61077
34591	66492
30778	85647
29363	80419
12059	87344
24475	101433
38215	89193
58624	67631
27570	105988
40294	80487
27293	89828
57051	71876
54635	104240
51812	87113
36469	86421
20745	92538
35067	62245
50559	79999
3649	105086
40739	67726
51404	69829
3883	64966
26417	95421
8243	68598
55223	111029
49945	88154
16915	101775
21489	68443
37934	109041
45472	111110
14538	67144
1160	106481
25971	84488
31630	66505
20677	89906
134	79189
31355	72854
18536	108989
9963	64935
12901	69040
54879	60444
53431	115391
38889	92703
35132	83713
57489	72025
44830	96248
30783	71188
56838	85732
33816	116062
27975	80665
36084	96842
6193	113140
18159	67136
40668	88607
8638	116849
11269	110312
14099	93425
58544	115597
44937	108619
45237	111250
7589	97336
59524	84792
45670	77183
16209	109706
10298	109832
29864	87592
28687	69876
21277	71459
48086	102561
32253	109723
1412	82861
60055	78433
28384	105531
26455	88789
36904	116613
7026	102122
42930	80169
22125	66076
49453	115574
37219	60262
46882	86533
4671	107355
27785	95980
40956	85745
8845	64700
6636	63420
56888	65088
2784	112904
25649	95971
31652	91624
33686	83538
21932	117773
51675	91462
23628	85374
59923	92828
54777	111425
45148	92405
32197	103276
12082	100777
13651	88023
41892	102520
38587	116606
41751	118687
24534	89838
11982	79579
27618	65122
6192	98129
19912	73137
26225	83718
60194	66913
20164	69866
17174	78285
42820	82271
52705	73748
34335	119051
14062	64600
56630	62035
20486	68550
58729	89449
15500	109088
49186	74104
49308	111262
55289	109086
50640	89038
44589	91328
39488	68387
55912	67646
26356	105359
38295	115326
18533	71846
3157	60316
58864	78420
36681	75742
15206	79309
22522	109066
1494	101841
3968	69883
41054	90435
9831	60984
9522	85892
26305	86280
3392	67759
57262	111107
51731	76077
33304	77822
33974	63513
18187	82202
41685	95560
56398	74379
40661	104791
36289	107113
42394	72880
49965	61097
35908	83758
37245	73254
2654	107716
14764	106978
767	82356
54364	102453
723	65435
23986	75767
4184	84452
13668	64209
54285	98609
14333	88593
58568	118995
25485	117145
33296	89888
38320	70893
55361	96230
56885	103223
9002	77087
33766	84210
40627	116813
4634	93702
56349	105179
7621	60691
40223	114940
13419	63859
31831	96165
18306	116029
25997	98232
5704	68177
41733	70712
8585	86463
11169	101826
13560	112819
37142	90054
4687	79011
52730	90230
30118	68754
24493	83114
18644	90658
14	72785
58149	115635
59398	82276
54736	91296
13978	92485
4361	101162
10467	72192
4084	66422
23629	86859
31738	117534
30653	115904
46079	60401
11110	67966
51204	97653
33504	63385
24081	96448
4176	92691
49894	105339
20126	108315
56823	68926
52917	71389
5526	69511
54242	103471
41310	84495
26695	95395
42274	77062
26252	76506
9695	106787
46453	63550
32562	67498
25650	74662
26567	103388
50523	116145
21532	90717
43578	102206
54455	65582