80404	138049
35331	168347
61465	104876
2884	169389
34171	141814
9820	98888
79136	120062
62505	144870
27008	144794
18209	164994
76410	127387
7827	101165
83704	116606
54828	97767
16205	115772
56328	87736
38494	158097
85130	138789
5757	110102
13997	149277
579	90762
12654	163008
27812	125703
54942	127858
83078	93949
52507	140104
47363	97608
13455	136052
53544	118391
76288	99518
40254	94180
25072	111266
35432	149386
46531	138060
23254	153413
75093	124863
75634	146383
36557	151579
9816	120281
55820	168637
24017	137203
48274	137195
20500	92037
85455	110135
18072	131802
65806	140557
45097	146329
34845	150878
11171	108843
15949	146344
63500	144053
12581	87511
67107	87910
53370	124308
42924	170562
27090	170888
21401	114599
51820	131079
6570	88902
71396	111881
71557	111073
54896	163934
69844	103222
52699	86161
29643	129734
7182	136126
57663	170218
39893	95911
25175	132269
74298	147399
32108	170774
35737	165672
55064	151051
46409	141170
80140	127552
68394	145605
34305	99462
64828	91504
37594	161016
1861	166078
35385	146499
142	118646
51437	140247
58572	119620
85407	96256
50880	122459
10561	126955
60961	135948
5332	149313
34562	141432
49359	97386
78442	97268
77813	143463
28690	142690
26908	142646
15278	166242
3858	167929
18033	87844
9460	135652
75799	160895
38025	90895
59813	111914
50956	155449
40183	164615
13079	99381
443	130503
3546	168193
60380	121514
68855	141103
77374	102098
82135	95725
30772	137630
34384	144627
8145	124597
31000	121722
32443	127562
6722	163892
36781	99332
59457	144379
69796	160969
45756	113419
48450	167649
76219	152705
24183	164138
28120	136063
10119	143713
33452	136627
51377	89019
8192	124736
81127	120202
37618	151591
83428	154928
68220	94312
29472	103175
35711	150691
59361	121040
50061	154256
8607	87621
44668	124786
49322	87316
70979	169240
18141	149042
66018	122439
78029	103361
47800	106174
11876	135680
43288	125657
46240	98648
65654	112371
14064	125305
85697	133586
12149	119080
29944	151626
66909	144399
29595	91296
55105	107452
8905	132047
81775	88120
5149	117095
8823	170314
29333	139311
70401	164560
70861	167364
67564	159452
43255	86707
16246	115931
32090	131245
16288	126674
16213	164208
34902	138238
62668	97623
26402	139811
25946	161693
23066	106551
26128	160082
50084	108686
69943	93855
19722	120959
41024	108849
65842	101805
53552	157317
45264	153114
34530	109617
61496	119020
49294	97013
47240	134353
56995	87546
11127	156649
45343	94730
35685	158078
3881	159964
13619	157618
83903	98911
42644	118114
70735	98776
49171	149542
3391	163917
83170	118979
48441	134644
41927	92023
47690	143578
27194	111588
66266	93342
75286	125869
21742	160450
44544	86996
71988	143933
4906	118487
83732	88839
55700	169755
11046	146760
34201	104967
55011	105722
18639	164277
75795	168576
30271	98395
46049	99453
83369	110863
57942	110930
82752	162295
20884	97632
10238	100976
46936	94036
36908	154947
15099	101538
67030	123781
70579	104234
58569	102385
18539	170346
25539	130593
10480	86660
72594	167706
70612	157713
73784	161004
4109	107267
30468	113925
52482	163409
2356	164962
21506	166210
47344	161773
64686	90419
55193	106635
79096	115039
75489	158806
42345	139537
3141	130716
28753	144745
34803	94991
11211	110246
22478	166441
75842	142715
64409	149570
10365	142878
27363	168514
37858	103153
21098	88701
12591	105051
52745	127166
58962	99001
15980	119304
11755	108604
24405	123132
49085	131675
8349	142581
33787	144885
76019	142341
7618	98889
27480	157245
16402	94075
13473	117877
40	139219
58127	102966
80132	137885
56769	95033
57283	154003
46315	94110
64437	110145
5278	105775
83361	147542
49752	132335
68776	162503
77221	90856
26216	122584
28264	129198
30354	128181
55185	108665
48987	104893
42826	109518
80809	126852
19426	135838
65984	133241
29498	100391
29442	141682
32073	99100
55488	165135
50892	88893
10254	113181
72852	100872
72349	108221
38306	145205
40612	156971
76721	112422
71136	153653
52191	105047
4489	126929
23780	95388
49253	162548
30135	151099
68597	160201
39662	95501
44114	118926
44921	159566
26445	132360
71125	143129
58788	94807
81577	158789
6723	110525
20700	120374
60782	146966
80082	112052
52731	136860
20014	98781
62	94339
25948	146518
74743	167792
31190	161982
36857	127786
55245	94377
21118	143070
34040	146462
16398	98876
37915	127344
19892	163381
24484	122184
78456	119645
33123	122176
64880	163789
26172	138847
68287	145176
50436	96449
41862	115035
61771	162134
25026	146674
19904	165569
35527	107914
71002	106438
14721	87041
54866	163937
64782	112281
7249	127750
33168	91526
28201	161427
35026	101398
51349	116152
61477	99143
44640	130698
33359	149363
11724	141173
60536	99045
63062	105601
79473	144937
45220	89110
64737	120708
8595	151628
76044	123148
37556	153468
42618	92977
66314	152992
9144	168937
31597	123089
54911	151947
33171	149687
27693	103805
79780	145502
17136	126044
54177	111457
70053	128207
61674	163241
72403	145542
16099	109413
7525	115843
113	127450
29700	121724
48254	127629
75126	102814
32855	111197
19266	143892
65869	116105
13439	98236
84026	116468
57661	124086
50975	146079
42557	91718
20514	121874
86035	116027
45998	95027
7675	118101
54975	159530
10042	137192
52713	95086
19961	133333
67321	97753
85390	129828
28661	161638
40322	138938
27097	160900
83288	152175
84888	93062
67326	158807
21661	140228
55500	95156
84348	119126
59804	143057
67670	97544
18834	158459
21594	156474
26022	120439
34696	97891
72200	117134
16029	103769
78241	95003
72707	165476
11263	162825
10909	126954
51484	109542
69227	160447
74397	119548
51101	108582
20124	117183
22518	162646
5773	147997
24594	149734
76387	170569
33280	152837
9450	86956
2557	169049
30627	146234
72344	139630
23170	108489
76430	97477
22704	114785
9389	96117
56495	114122
68482	149391
4105	109529
48518	123345
13096	155748
7706	170324
49378	111957
47844	127347
11665	125490
77625	111225
61037	134568
14320	108798
62124	91883
9309	113192
65430	149653
83867	117147
49468	90095
72682	129169
20849	134179
57250	134396
69643	107538
36141	109678
37985	95842
39014	131826
56644	136227
68480	138094
14157	142703
62992	151210
52132	141395
55666	110416
24271	122681
80861	142537
64962	122966
41752	127261
10901	142627
72302	100341
39608	126649
82510	111886
10341	134323
70079	168007
3273	103770
83535	119984
79040	158754
66692	90988
71508	169193
83773	87559
43060	98746
78451	135312
47713	111984
76726	96978
15373	128153
71205	143453
30904	142514
23309	108701
10554	140756
3957	123562
30603	155383
27565	159581
52534	165286
75147	102371
79633	133423
4796	122860
27533	90021
285	126231
54162	108728
52821	91854
67403	102016
23865	124721
46440	163781
75640	128578
77136	162348
38283	135337
26312	96361
16194	89971
13513	129355
74683	157059
83899	115107
58772	116263
48215	110768
34742	101229
44663	132321
80197	161754
49311	101595
26986	143607
60396	144137
82246	99128
75374	128794
3279	130732
75592	132320
62144	110303
69165	114547
26635	122857
42171	112061
13654	120913
62003	109929
39384	155299
82553	131045
1183	119181
1969	147436
41240	93463
78091	131945
36732	103778
38467	149594
27447	147210
23355	141025
82597	127526
71710	87400
66629	99360
9997	90448
2220	114565
85511	98634
16660	152698
19238	92586
56517	156163
9457	130753
11177	88706
46432	90925
74778	152234
73056	86822
19766	145609
75098	99249
82677	93944
14083	122018
83087	161821
66969	121176
16790	88050
22143	94316
2466	119055
58516	144028
39089	153481
74429	135619
57411	125550
41105	105466
17423	138842
17651	126938
24991	127713
53888	143599
61106	120871
69682	158762
44738	90581
53363	155961
33084	127615
75798	99067
68122	148255
17908	137847
67455	139395
45222	102542
38222	109402
32667	159068
36404	148714
61224	147901
28205	121233
74370	161200
63757	164015
18648	116823
42473	157751
31925	99884
49673	105400
65822	143243
77461	121829
47948	130764
50402	169486
41182	98558
6865	154167
82854	126310
64333	149624
73178	101877
50006	86757
82121	149234
72928	164659
72046	112835
6638	144626
48878	126269
56465	116240
22405	149951
52202	109186
37976	126584
73874	108543
69459	144321
65299	131350
9705	170877
15389	135677
31361	170998
34307	132537
8892	115528
55254	126143
78418	96608
27395	128108
19970	158349
27203	166648
17380	164440
35960	153457
81238	108994
1126	155335
74804	116260
35404	128341
38077	91396
6936	144132
26902	99191
20652	117470
28639	95576
33749	134365
63510	110421
12407	122727
17090	117487
69491	101550
34013	110213
2046	134728
29935	155432
14544	134422
56803	150388
32992	114991
19714	139568
40400	136188
19069	164039
14527	111295
26510	163402
47219	125589
55275	166899
61164	136587
209	88098
48266	105551
25949	153381
64275	129161
13376	113496
77248	127477
6953	93726
50031	125981
33124	86206
18436	126112
80061	151933
22193	152444
31326	140410
60050	150020
4288	131006
50261	137748
15456	96990
23750	87122
43196	155429
74420	97469
3809	123009
12716	107512
17963	147078
68435	155002
63503	146039
68285	168413
30179	108535
44964	112161
18115	137830
64084	153832
81618	164598
76901	113584
45053	130206
57229	102879
37765	108420
5295	107216
76789	124239
29056	128242
24969	131489
72336	165838
69511	144939
59692	165811
84868	164943
55431	163686
33514	154276
62706	96311
70372	88166
35339	139127
9127	164658
15642	139658
70482	92724
37492	159135
358	121448
60852	99018
71854	156290
79710	165134
19147	150377
43470	105794
41081	165101
64185	154917
31514	162920
43659	105012
86053	142135
46277	165943
78668	162906
7624	130250
32900	169412
11001	123190
9203	134775
42179	148266
34100	108348
63063	161994
65898	160240
43851	155542
8585	91781
13254	103813
35265	123521
48179	100698
57581	154618
37424	114624
9564	153673
30977	120614
42169	133830
32126	104649
10772	121229
58634	98253
55621	86703
35785	133365
6035	130539
44038	98101
67121	130455
19304	170502
13320	114321
54033	140181
78939	124238
46102	100036
52475	142096
37929	140654
64864	148067
29558	168700
29001	169396
50642	136476
12785	152128
54672	87184
46905	133856
76583	118997
84290	142814
2191	98846
33277	133669
57704	127874
81117	123439
4894	91936
70108	150996
61994	115330
53409	103309
64937	143956
12012	131074
59020	133157
36541	149376
44187	107415
40209	121257
49633	164405
15675	111919
44791	124146
60840	158714
17991	96739
19336	118885
71344	134262
85254	115137
62656	147541
24655	100809
44305	144964
30975	122938
32689	139131
29417	144460
19741	143446
44584	96807
7571	131939
39812	111366
73599	123797
15073	167537
55796	153672
78360	108809
39041	108802
73460	102341
76496	148024
69250	168694
39854	165911
68800	102751
55215	164315
25802	111451
78337	124981
56299	170308
3602	167342
17398	104316
5343	167600
11050	122509
25636	124601
74832	95542
26695	146688
84077	130704
14604	114600
26867	111704
77291	99481
57870	163792
6394	147730
40813	109818
60149	142137
10694	90987
48200	122880
19348	125628
51581	105516
1048	108997
28171	98345
45837	86320
34459	128829
49487	138925
28113	110861
35006	164129
82959	144045
56176	167932
75039	91885
8946	118786
82336	144219
80470	153876
39256	102610
27219	99027
58597	124254
22586	101361
13326	95014
45605	141922
11095	128225
9955	146320
36712	136506
41497	103665
79893	118201
60925	92537
41043	153754
45386	146974
84231	121056
34015	129232
11143	92447
28259	162567
82074	154157
81892	113359
1875	166994
68150	137739
5074	112527
64225	127200
33609	111767
27789	106702
33578	165926
59247	122570
82613	166791
7174	157442
83441	112845
179	114821
17522	87131
50726	120436
12864	88493
15438	115549
36916	87206
9271	131999
66566	148523
85611	142569
51994	103159
14704	125038
9414	108224
20115	157504
69248	128592
10524	90094
72984	135103
23287	152894
19732	163529
10174	160982
81697	109754
32161	137679
31894	150503
81801	137793
3526	117973
45721	100466
27655	142234
8053	109501
58675	128255
74230	150368
83180	109643
59681	95269
47933	108246
46811	105499
30815	124190
30449	97619
24352	162513
54906	90634
75169	97178
55229	93389
70278	129573
35330	117416
1314	106952
21366	131368
84652	113755
71009	101571
25765	113878
10312	132343
41887	110615
43062	137223
57447	121703
31832	91462
20966	148666
8563	105112
7453	98990
75361	139199
72740	112966
82373	140052
49139	155751
27771	113983
55267	102399
80087	165391
8499	150711
55081	153953
24921	132730
70779	160094
82930	95903
54114	94161
66885	122218
20134	90977
19604	102086
52016	161414
81523	145659
7348	113968
64852	145656
36248	107930
44515	141759
42728	154908
8065	118444
1959	147651
68081	116245
922	106728
40597	148561
30809	117793
68898	163799
70280	145308
18751	131844
23632	164710
32501	105336
61319	153613
66632	168876
24514	103986
34126	86411
61984	160589
18821	131296
77448	98271
58743	106449
75653	99728
47229	159819
43442	123244
15535	151773
77664	166537
69734	143339
56618	149997
45955	117840
61452	137150
43423	128136
39666	169858
16821	164577
82473	109716
78984	141117
26283	104704
50843	121260
6168	103022
27645	93137
9689	104363
8547	113820
73953	138907
69531	161991
67652	152801
57323	101588
51200	87204
10491	146431
16502	95701
8335	115694
16082	116338
38253	145910
30260	124477
68431	122670
63	116741
9565	97011
11389	113155
61525	148833
63162	156059
62696	154336
66111	91790
4356	105761
84594	126726
39477	114658
4877	105711
8000	126631
55390	132669
24339	110799
30066	148794
23656	134264
44953	165852
28896	120939
19285	90859
29810	144372
68607	124067
53292	90266
21615	93198
63577	116171
1370	121810
77828	137609
26257	109445
72613	146294
44664	134164
25457	86592
40114	137453
4502	143572
54308	143908
81023	120104
49131	115807
77360	108008
2755	91298
82150	132590
41248	156024
18579	135467
61615	116125
62891	129240
62327	143885
85734	94916
28951	143965
41521	142840
21593	153290
77162	130183
20524	95341
36468	110301
65533	107964
36830	161308
31670	103582
15443	121990
79165	96725
58747	105132
9462	98856
66812	139393
46591	86597
56064	159785
1962	94629
25512	153450
43771	155632
6673	137714
55420	160314
13626	110596
49920	87088
81977	135473
32427	148815
67309	166633
68971	88816
82556	149862
42261	121885
29589	86720
73725	111637
23183	129234
5029	163240
16496	102691
60436	111507
69138	162421
4844	145782
48124	120490
8140	146884
22446	98926
34183	96070
14988	104410
52085	91482
71241	157461
81936	120860
31161	141300
37793	142156
39075	112801
41151	107008
25053	132082
21825	148329
80359	116113
7705	87494
31142	151353
4725	93594
6508	104734
60501	113639
45094	95921
37150	155719
78348	150674
11351	138352
80273	151254
1573	123575
35725	119106
40087	165123
39819	149660
53034	121425
83045	165116
20779	112671
43563	119244
48576	162610
10065	126424
19818	110539
76717	118293
14800	105958
26382	110373
55518	161732
63065	168580
13574	100731
68035	125263
66148	124996
66385	141286
75421	109560
3035	132141
68496	104715
74600	132532
12508	95365
36884	169013
54269	90892
37520	118697
56077	100439
12769	164275
58426	91800
83205	158104
38060	102701
64577	167098
64091	128288
18615	148300
52729	125574
14804	108398
34240	160468
7351	167599
32178	143118
7886	133711
68171	89916
77395	152378
20075	146953
18945	97053
5801	136036
9118	100134
31447	86446
73829	146765
2763	158505
78205	118839
58847	127780
45980	168410
23340	149899
41759	142030
63362	143732
26075	127333
36823	157929
15340	128311
53025	132477
63096	133588
51144	109760
51050	108005
2869	103566
69243	156996
16126	121101
34050	162260
2477	161662
85237	154048
12116	143381
18606	96074
15927	137681
936	143848
33121	166825
85658	95740
3593	128423
33313	136210
54026	128618
52711	169921
11661	148317
25676	131854
24550	91255
65179	168735
17570	134810
35249	162096
20446	113613
65202	110240
47449	127882
80688	94913
27613	164094
82463	140360
8009	154089
15205	132613
12395	169713
6432	87167
8116	100799
29799	153441
54773	90921
51226	92747
58156	164003
43812	151748
3590	109761
64041	89129
34267	139519
66291	132711
26896	114246
40107	139051
78305	121826
71392	155153
7391	153181
75446	113082
48416	132731
29453	120130
76471	103723
51449	146870
57601	138809
51442	98600
16533	105385
10430	128343
23466	151067
28309	94657
76003	111607
5548	169781
41723	160432
35828	169047
54112	126217
46756	144065
8522	169920
42494	148342
54573	156654
19039	167189
53579	152486
46555	107982
50980	133358
24987	109565
30871	145249
44374	127879
2340	121902
70429	100205
42433	147943
24367	87587
73304	170955
36710	167765
75925	112708
49204	126074
13230	96716
81069	162809
19360	153529
26758	150262
39637	87760
72877	132130
83173	129235
10241	159515
26585	92045
40368	111993
49454	122372
7558	137701
69917	116393
78548	91361
54376	111797
84577	144685
20923	90940
67542	155814
60368	147711
4069	158791
32854	155977
63234	153178
39962	127996
41359	157009
32916	158539
40485	120171
80366	93778
32185	99572
76359	121582
53390	136116
49683	145594
40437	121275
74950	87954
24676	98561
41550	134399
49984	124988
71583	165623
17783	88606
60107	137277
76278	111982
71130	141347
47383	108386
56474	109250
44306	100922
6174	149345
70616	94541
2876	131151
45748	105704
52376	101213
9841	106601
17797	161848
65307	102761
59917	103019
84362	115241
43481	111510
45093	123687
64566	106163
65004	126350
12335	135020
12561	147087
61884	106945
85210	98496
677	120077
12644	131834
52678	145832
28668	103753
64589	130433
2962	111355
16149	91582
58448	155332
65311	136976
78987	143041
37528	108819
34839	125376
49148	129740
34664	163782
60154	108467
52540	132604
78716	130672
2122	166796
19417	120661
54493	98743
55784	88926
7454	145081
49134	92320
10568	87480
18951	118966
31280	105705
71708	112701
20105	128421
70151	155203
1549	97617
48562	107832
46475	150501
35455	144974
37565	134711
8972	143395
10910	114071
34846	139697
60140	87720
20806	166579
72867	166639
6302	118591
6460	119482
66438	126705
20338	100861
54031	144585
51359	109108
40638	143702
8312	119157
46372	90585
48158	136509
76245	139307
42615	112552
84580	158166
45047	102806
44276	110353
25637	123452
73842	126661
60447	94666
20886	149965
10512	149642
37121	141313
11405	167656
16952	157304
63672	143255
72646	165202
36554	112106
67690	132807
14349	132198
21578	148662
71587	122391
44643	116385
65739	126381
25404	93918
63810	100124
11058	146918
51875	113725
5228	149446
28522	103713
21557	133135
32524	137127
75172	137930
57155	144302
8212	141204
34678	123202
22563	122578
80462	169542
25966	135791
68640	132527
114	163370
5624	170512
32014	126312
25702	108199
54918	141603
78200	150837
4800	149193
24801	165209
66732	128815
41603	98850
73940	133277
58420	137971
26740	165846
14289	114218
83366	167717
10324	119226
6368	161628
4946	102104
47858	101273
80892	91516
606	153391
6851	107282
42964	149372
29466	106223
80390	125800
66758	170661
47095	105142
31976	126057
39933	86805
23474	115157
20449	143142
56488	154487
80831	97184
62612	110590
82921	92566
48001	114803
39867	160632
37420	148876
23929	143806
41012	155379
52893	112726
36212	128162
36356	92396
47028	97152
12613	126393
75104	86321
82247	90816
67888	168119
34247	169421
56678	164691
6363	100901
1096	106710
66696	149964
18828	168060
82879	122476
14017	114757
29029	114483
58787	124716
12471	119513
21954	119465
39835	132136
62942	89645
19358	157267
13077	143529
24454	115210
40922	147801
21598	89712
46559	141967
49940	116296
60486	122796
25496	124965
32815	126879
47541	148200
64360	100106
46879	125570
18874	99545
63081	92987
28956	140319
28426	119248
54202	92167
82103	133678
60723	168703
54062	150487
14355	134897
3184	135159
49561	104988
36490	153019
48557	134605
64256	166225
10973	103204
5429	115424
30281	108243
48969	159015
67474	87498
52303	138426
6066	100981
51345	128296
44774	103831
25624	112732
60419	100665
84030	150429
42407	103371
6178	127554
74198	108861
80428	92018
48917	143455
6071	107524
14881	91032
15959	140642
79431	149133
43715	154428
64513	123484
34310	87933
12595	112506
66666	95727
41673	120994
54234	119003
14061	128948
70345	138593
70106	139194
12387	106818
48491	119116
81604	101180
49805	101328
82928	109537
36441	153808
21923	109980
45847	104490
53480	89770
66439	152988
73787	130661
57128	92356
83532	114881
31024	86908
29898	98454
17342	153958
81344	134406
62581	91394
9974	149126
54425	144801
47432	89244
6097	99433
71559	159617
16351	171003
3672	88762
72140	108866
333	111435
84266	151222
70725	157099
32207	112252
26653	133661
53194	157869
51395	123727
42142	128626
79091	142536
26086	169387
29697	101959
26265	87659
82743	135048
37692	123656
47005	167442
76405	89903
75212	124241
42692	127220
53084	117246
35530	116966
53775	91042
54302	130262
4347	136780
7263	97747
42349	169839
82372	100414
81244	112424
84110	138739
23921	130678
39268	159122
69985	133086
35840	86927
72868	131179
25266	144506
77191	143066
10676	153306
83464	116460
18997	90617
20637	126422
44049	152004
26330	108248
7386	149592
38700	87520
24260	128261
5794	164031
10962	87868
23624	163056
40033	115071
61941	129835
76867	98301
80114	116234
80915	102839
67893	138361
20242	120533
43910	157366
26897	117401
38717	137639
66015	128666
74576	143265
54054	140040
27003	106154
44227	110764
72480	90947
5644	134156
65904	116818
62055	128257
54830	89901
44794	123444
24747	105806
29033	134100
85429	123261
52410	111240
651	103210
42011	149703
16098	167685
5827	163881
6223	121291
25215	103221
80567	110874
58871	166499
74615	157895
72183	157212
20554	166435
45029	118421
20038	92791
16395	165259
85213	100241
51899	134512
19420	169859
73005	92545
4152	95707
37677	146202
69293	87963
77616	99723
16327	132539
38468	140196
60898	146012
55406	152963
75101	124925
6296	130218
55056	99707
49911	162165
75431	120488
70171	130247
41852	137627
62687	138256
24369	130812
74634	119207
56058	107269
51371	135305
38353	141639
71670	132070
56852	147124
62900	107603
57415	98944
13493	121971
42125	128413
81805	167726
40187	157318
42028	139462
34184	119771
84411	101668
28453	148044
74552	153505
78019	130043
3662	124160
85277	137595
18763	123851
28493	163984
13064	149517
82142	170394
49289	94645
5543	127563
1807	103310
35411	103873
4506	130553
21936	87623
46173	138716
33725	119586
45350	170063
39570	116582
59634	90968
70560	153397
27717	107650
31545	138441
51998	134427
52993	137653
79471	96413
66676	161100
37586	114963
15296	134456
15319	92004
81034	95940
51000	157331
46795	101573
64067	135786
26149	122482
29414	158483
52278	167751
5420	160220
16128	142144
66372	127421
45202	155644
886	97994
50302	140110
76720	165907
35316	138518
25836	171018
11204	102557
60719	139879
1170	87634
63051	160120
10222	152700
78823	167695
55131	137140
36408	86995
49319	162249
13543	129906
72739	96467
35078	101526
32627	114383
36894	127979
32859	94491
35563	146801
51240	156998
76730	97654
12138	147129
59250	170929
5261	169984
24542	96529
52404	92877
43740	88232
7233	128779
36019	98159
7385	133081
19386	92141
26018	115688
15155	115098
53882	87323
10716	105976
22476	129663
26040	161473
47578	139155
22647	107690
44219	164506
31784	98089
80467	140660
23913	112737
11346	133198
41966	156228
16619	140937
71355	139557
8126	101239
84059	88008
42164	115894
59506	160194
24813	124144
10092	133319
54976	107812
45544	118610
46425	118830
19986	169027
19600	95948
34560	91836
53806	106336
24766	168603
4481	147851
47972	97121
59938	151098
31754	154434
12714	134872
42067	120569
15036	110805
49325	90473
83434	150947
72518	90466
80363	143744
46172	101306
36771	115775
46863	103969
16689	160109
77885	117385
8290	160993
50918	123840
14795	112367
19415	139339
9836	155798
49733	136773
40012	126109
17352	104510
78928	98644
6604	92782
61186	93003
84856	122174
74331	141465
40939	167411
18843	135434
64903	127002
16412	163224
49026	159281
15516	97902
30060	155003
29092	133594
26331	157743
62109	162888
46468	94532
82402	163158
41717	89243
22211	166882
41112	142846
47115	135096
68552	170708
42958	107618
85858	129368
9591	94432
28751	145524
55791	163991
37551	101835
4521	119476
83334	123532
66510	115450
43420	170857
51997	123608
60440	97275
53435	109002
51776	142121
28831	135717
978	123601
79566	104763
56258	143787
6993	168260
36028	90116
42362	137525
42629	148735
55769	99624
67812	111839
76642	91850
58938	129126
78076	144578
20959	110299
71886	162018
54023	147857
52463	134649
15001	104973
76454	107547
1305	93053
76106	122932
73337	165375
43395	114387
20287	107687
14429	88648
21564	151885
15986	119045
78162	111721
59500	127447
37087	127489
33133	90192
73951	168643
59260	159526
56349	97101
53271	157969
47596	112263
67383	110204
53106	98456
37964	87716
75159	129061
66681	111444
69426	150214
5345	107756
71649	105593
71038	89124
77751	89108
7443	166244
72862	125106
64713	147351
4215	125606
39294	108503
953	87064
39617	117631
33570	138431
59647	152651
10211	117567
69591	119909
72374	119964
74182	136114
20324	112298
23792	105123
58379	98212
44805	104482
81262	151360
16524	86339
55776	131721
48658	156810
62209	96803
4666	132931
45495	88554
8586	138285
10516	159669
21378	121671
64387	132109
15494	168246
1416	89181
70035	128595
60802	108974
28114	94712
75142	111516
33739	101940
19899	153283
49646	124568
54752	135113
65464	96984
65327	129761
12105	114700
11684	119581
61529	102140
67681	124967
23208	121310
33511	170561
66483	98611
44567	108698
13995	103596
15052	169574
44568	167113
35228	165839
21191	159098
62384	134350
22051	149180
27953	153295
19629	93738
25578	169823
30926	145059
74582	160720
42262	107001
31955	163749
23758	95739
70945	159317
61150	125860
79178	113236
67291	87082
40115	148517
12238	112399
19834	111523
30266	108530
17681	118518
67438	120751
43991	127905
14935	108863
22058	125812
30189	100714
14821	162296
11085	88346
77971	158788
47894	126178
8263	138341
25248	139839
12399	156416
51100	89622
34194	107345
17787	97838
35138	165692
15269	107221
28084	124439
45431	161714
26342	90009
51038	126097
24073	96302
74966	134635
18000	156882
24049	118710
10514	133495
36460	169678
43198	91736
60009	109917
10994	168109
61028	163344
10734	106152
36612	141704
9077	150883
8673	136654
57676	137091
10166	140281
23585	130044
23336	151654
13010	113035
23366	144386
75821	112474
58300	115415
18217	157107
53482	123104
40652	164942
20950	164788
52676	157364
26427	164234
75194	123399
22626	126637
82614	121882
21841	103972
20717	108526
70230	162480
75572	133964
60058	126081
13022	149548
70274	118845
18051	155397
81400	122070
41711	160586
77873	126643
848	105664
3524	126703
45880	101675
21698	101324
37710	145269
11845	147511
72365	168839
28979	124915
37749	140455
85546	138283
17213	145237
6740	109758
11406	164898
85838	135697
27255	149414
74094	147253
7117	86625
30893	87611
13461	159776
20112	128759
74573	121828
14718	128658
10674	103078
6561	170022
6026	101246
24828	97999
14688	128567
27804	112347
52461	96750
59932	97569
44559	152406
51923	167589
529	119153
14319	91212
83304	157071
36166	145095
7293	159554
64774	147221
24258	132551
35137	138313
19364	143430
49731	150709
81386	87699
73238	145637
53131	114243
25347	151331
15681	117717
50743	88758
43723	130784
71311	127951
16528	162118
27864	112943
53565	124330
77810	112886
9882	88909
2031	107986
48032	118556
13955	121673
17127	163936
13168	121240
31764	152888
23916	168225
24308	153512
40928	135971
71585	130615
27575	144451
10041	112109
25650	86290
11932	126326
35594	104258
65151	165654
18665	155880
48373	158387
61326	151540
26058	114039
41621	164146
28734	99104
70609	99534
11859	150923
10607	155609
77612	162991
19382	86241
58313	93567
64821	102186
43833	114796
64065	103744
46241	92660
57708	161270
29556	160721
3436	117482
7829	123647
42600	117417
67867	99805
53246	89152
7404	149524
76861	154704
55303	130145
35408	100424
3754	153406
36194	138558
76373	91671
80380	124208
22406	149230
26300	167282
75099	150611
49706	154257
11105	120953
26767	143793
19775	163972
38150	126975
46716	105083
78545	150323
76098	109029
3334	159267
46680	105743
70438	117550
78606	150783
43125	96179
73629	120992
71153	91243
21307	117761
5156	130168
63935	147854
33323	162498
68049	165935
33022	141363
57827	141203
61777	135797
18840	100458
58714	107582
41061	167061
27870	92890
64382	87717
52035	146980
9712	141228
62570	139225
26409	92907
75480	133213
41210	156845
66069	149094
71749	158966
57875	157808
80539	137588
80504	166063
39238	104383
79986	104228
86005	139385
40712	112714
29877	141090
54235	128645
8457	155907
57241	141446
28974	93152
9332	133854
23276	133928
58213	112091
40510	151367
74566	123201
1536	145970
28931	160027
8651	146609
68824	113845
55725	116410
42907	138534
44700	125621
44937	151454
47010	161990
11024	104405
20502	97638
60041	149920
15720	120952
62167	167959
25728	134057
17060	137817
30426	105910
68587	121945
75915	91968
76427	110669
40991	139009
50280	133810
2582	110064
78747	134875
44762	126416
61072	158882
61848	137996
42293	133176
11248	128174
27165	155237
56145	130519
85738	111388
18298	153879
37095	105223
27984	141953
69578	158369
25602	87381
39016	127577
37555	124943
6824	138547
3927	143790
80027	134969
15399	95202
19295	145433
83696	152886
47231	120451
76305	143170
85468	166957
5620	119264
15848	92759
17635	132678
71882	124858
63637	144519
65652	100533
5700	148224
6995	112374
70828	94102
18065	133140
84746	139870
50736	107749
24941	120812
27300	95359
35644	121539
1676	95305
27638	105829
31556	121515
81318	149272
17478	155681
8125	88572
36775	117194
64768	103363
21348	88704
76719	94808
60356	147409
82259	148154
40632	142866
35870	167946
56765	155296
51964	97345
79347	155660
76870	105304
15770	153129
74149	115335
8495	149219
77499	164655
28605	96505
84823	112620
12264	158824
18273	132061
65001	149057
19272	120253
50264	169238
42186	93189
1411	100983
43672	147135
45993	92690
11793	102351
59379	162969
77864	115430
62921	112711
32934	118194
51479	98621
78892	153354
61650	89726
32423	89785
65206	163011
30083	162843
83579	148711
10276	129559
58178	118422
76970	92129
13857	158427
65865	120444
32075	141618
77659	123818
72873	145983
43078	170216
42788	127954
47220	135284
24703	89866
1133	101206
10844	144312
42685	109649
10963	141416
15307	102750
56898	86150
76362	141700
58295	113268
83954	128764
43785	129250
58570	141693
32259	130907
15030	128704
17332	164436
52025	105418
32293	152199
56172	126957
53679	127268
7049	155522
79927	120688
2187	166905
30336	164307
5534	127390
40898	129769
75414	166884
10371	145515
48589	152364
67584	148895
29922	90008
19620	162007
14023	90949
14347	100522
17248	111500
32401	98899
224	97173
82194	123701
16707	151177
24074	137702
49803	167401
38351	118738
85788	160607
17851	150913
43276	166902
43280	89006
62387	91547
14747	108954
68088	105654
63429	113886
68296	97158
53085	105780
35287	143520
42735	100507
80842	147226
75068	128563
72154	102138
70136	157209
14663	94680
40057	160623
20678	152187
19546	151567
46548	154827
48544	155366
23425	130089
65141	153545
51559	95153
12527	128554
1180	148630
65384	149998
84596	118870
69365	132101
43232	131321
26028	103774
47472	119640
30884	171019
57514	89624
4283	156447
67205	157110
8631	138146
36453	147142
68449	132707
39478	111408
60982	117415
85422	117688
80976	166115
70155	146979
38828	144464
20444	105291
83980	131477
9473	105741
33564	132244
28238	88898
71644	136590
14613	124496
32587	126763
42888	106847
22669	143088
57866	126831
25461	107019
76379	161532
858	103881
33153	160315
10303	129523
24605	108055
12976	170809
85651	160728
65009	92152
20030	151214
20695	90044
14761	156345
3643	116408
74396	149620
31486	153700
13089	122230
40042	130472
22519	116969
82237	145624
37114	101976
69612	159401
39156	138197
2957	122603
24434	141645
63384	105143
12039	126289
68977	93462
73270	168111
64184	132496
78095	106896
59053	132389
37761	98324
11498	95000
64121	101885
62161	86951
70888	141001
48913	111684
80066	97977
76386	161498
12047	102237
40663	164280
26718	151182
9072	118924
45315	142376
23452	136232
19060	157996
74587	107399
13882	89725
58487	95865
33228	142615
18790	95963
13734	164218
35975	112723
54003	92704
81317	91545
55789	138866
27817	140835
36873	170301
67269	113720
79055	169220
23683	101200
54423	157197
37884	108149
10139	87253
30263	145965
72409	111162
4997	120198
19259	156931
24182	105699
55060	107299
46851	123848
6888	142261
27217	123153
56692	102893
25940	146345
33399	164510
35811	104021
12687	139941
34328	111336
62015	162160
32061	112239
76457	108847
44318	128895
49411	146180
50562	107078
42286	102522
52114	170980
21340	165014
12296	114012
55029	163629
436	106275
29127	143033
68765	117883
22895	167976
16093	147794
61472	136330
79458	87754
21605	119291
59146	152758
41688	127515
24008	162629
62284	133007
76713	158832
70769	166999
41555	125638
55460	101846
31365	164857
79198	169739
2457	100064
15625	149853
36133	106445
3676	165860
64541	89719
23923	106531
51545	153087
63992	134555
1769	150507
85458	100774
35809	153610
13903	103520
11984	157811
77067	159692
21538	97079
55319	101374
85835	149064
80377	133261
83858	97407
51725	155208
81961	164873
54677	104204
83783	93941
67355	159125
19902	95034
49363	104034
54567	165103
47796	151097
86065	148974
73748	133024
50617	102611
85705	93673
57498	154412
71016	147952
79461	128147
52677	91875
41812	124677
61365	115924
76766	126046
74833	153554
85988	165018
77704	154916
44827	159984
62896	106019
78347	138408
42359	157158
48617	134606
54189	111174
7057	143675
19413	137462
69546	91756
42845	135832
16354	90504
25302	166736
30569	106304
70198	154357
42923	128668
12168	147141
17566	128984
63370	165889
80323	142116
62629	151286
27888	169268
45817	90953
65561	103529
85077	89327
42053	162894
66555	160750
54997	170943
48825	102965
9697	140974
46551	136658
67835	86837
84929	140914
59406	105285
2252	162688
43922	124201
77493	128444
56103	117044
11021	124962
58346	168589
48678	91173
4078	131534
7801	157649
23812	151256
64844	164667
24972	87648
74435	131021
28684	106317
46376	123661
8408	147799
51838	133736
34108	101712
26551	117992
66488	88574
27918	90460
70766	100250
24933	117668
29436	128263
8606	118650
2534	107925
43020	145808
4433	88899
8591	135162
39261	130869
3866	106056
11321	87274
5558	138608
72246	157607
69820	140061
71228	139565
80938	95115
68286	87002
12456	136363
9185	169016
50692	120912
6694	130821
47306	166820
51137	124707
27599	146000
15400	140471
40316	125054
83582	92497
63740	166124
31575	116754
5126	138502
66189	160502
81687	118873
78295	116586
30079	132100
80726	147073
63442	154609
2535	140946
84069	110379
38636	144880
514	163569
16031	144721
28523	153998
50385	163096
27624	140685
35464	149881
54765	146466
74012	92548
70995	162613
78190	144124
4865	152618
34355	114083
34311	141186
64209	86948
31743	105094
69277	117024
55586	117673
9896	107083
54321	102616
62094	90199
67292	88318
7636	138382
70807	146976
46726	108038
57214	122352
64325	98358
28402	102428
10620	161907
57285	126133
28560	88814
24242	166257
70712	158885
39483	124328
39705	105407
51542	157114
25050	153875
51367	135813
46175	158404
44479	102868
77607	95088
12891	135469
11624	154198
1140	133957
1529	96488
55986	110839
56855	148946
62611	98660
82505	170113
41644	146938
5266	130458
23655	149807
31862	93457
4162	151723
7305	147403
6027	89675
28101	143474
54028	106695
44740	155894
40152	109974
35758	140737
13355	88832
11672	158640
23668	92379
38648	141089
58879	106873
31386	148821
14178	161033
30139	124839
48644	166426
6269	119657
85891	128274
64194	90329
22551	126229
79036	160628
79692	93534
65166	114949
3241	108204
62183	131516
60387	147721
49463	90862
37753	170685
53332	123816
658	117060
77952	144934
37689	94545
35982	148090
2761	113675
37425	99221
44380	158641
67482	136377
6769	135807
3979	87978
19893	120271
36309	133381
75707	161499
48270	160563
52743	115813
14149	119532
13739	115239
41110	101187
3101	156870
24964	168537
47148	165621
21232	99570
44482	168965
79736	111730
74071	97285
73479	88717
77254	86957
42935	170151
13624	154895
2111	130848
31362	155882
55794	116798
38310	96867
38006	140184
16578	89773
25955	141471
34710	87799
15936	125763
13431	129029
59698	104073
59374	141290
51025	107277
22887	166928
51469	135604
38945	157760
69109	118267
70685	114607
25792	164893
36021	120689
21443	147729
42530	99836
15582	159199
35829	113897
52379	133443
33158	159955
62481	146837
45338	99944
10885	148991
82731	133554
70817	128796
60963	100313
33584	126582
48511	128508
47326	128365
81204	144901
82925	148460
46652	117371
13519	152770
26123	147734
35344	104801
33960	89355
85816	91910
31946	123734
85066	137228
14550	135466
24846	106613
50527	104206
49078	121518
50558	153947
62645	126783
12449	109037
77639	139795
31775	152832
26576	104401
79007	162323
2175	168941
52268	146781
5560	113068
70231	126699
21425	118971
61425	168179
3160	125742
41106	126987
66366	125689
56418	129166
34198	88923
22934	125831
37017	158591
52577	119781
40786	168098
65604	111086
65834	98753
68236	150471
4783	100049
73461	168003
54784	104807
6131	116150
79197	136483
31337	141581
64258	142562
10463	111035
62441	138949
37128	155538
53950	159885
58737	145261
72276	156727
38506	143176
20147	137544
18190	94487
74450	120269
26403	117639
4525	92726
25970	170082
55046	106699
15704	145519
59694	141394
81067	170103
32244	97984
20576	104087
40045	142712
42771	124397
68012	93649
35148	112660
43751	98593
79029	161371
62423	123631
5366	139886
6648	146100
16008	146113
31806	138011
77845	117384
46608	137080
56738	132333
46095	129737
13920	144900
78193	121128
75625	155119
3709	99697
34682	137829
53402	101775
43938	124303
9695	124135
38438	120135
34931	151063
17645	157416
634	94458
52847	166875
58885	145689
74159	97858
36560	94032
58386	147218
29542	112122
9447	89337
59833	166596
41987	169890
29116	97186
30913	115986
15137	147059
57752	169670
15567	126298
9621	166487
60868	128835
75700	159681
51182	113409
13425	91261
42184	123140
70033	108864
77734	147979
39031	124265
53804	116698
69518	104047
13666	86507
8026	161835
65707	90091
82662	167449
1544	158636
67164	144552
29267	128767
22207	139428
25622	89314
20021	144610
64865	128866
56706	110055
38572	143710
31960	91594
79366	99627
29745	147604
13470	119930
52998	97644
7153	156422
10176	163567
84837	162805
28698	104268
32166	160665
73467	100198
15893	156710
40514	135251
2587	170571
13035	118494
25666	98721
84569	116001
73840	105904
4410	161389
73591	163198
3542	142676
14996	92017
70838	93916
31736	119341
56931	113406
80981	143025
22940	164518
76621	143236
79324	109083
57771	163748
9304	146048
11688	152461
65152	122633
7726	158875
66498	159284
43882	92654
75733	131087
24370	94546
27147	114119
7122	137861
84469	127992
63712	139751
30309	115033
76280	115521
57399	147206
36872	94822
23844	138402
21263	128600
41662	154385
81543	89835
20752	117696
82818	97170
3198	152057
15617	138945
35113	152732
15056	159557
77422	109753
72845	122359
77039	94843
62931	124932
86081	113513
34875	114443
781	95878
73098	155662
49239	92123
4766	127715
48285	100825
23381	158359
12164	136235
82971	168328
10763	143466
83213	126901
77590	109254
60198	107222
5271	168996
75258	115451
45759	87467
40465	114251
69281	146762
27392	129252
74158	127736
68205	160794
42556	120593
50333	164550
33464	117160
31237	96560
54036	143581
5616	106398
75299	119494
43872	145378
82992	161824
72328	142087
42200	119833
4721	86315
35868	97480
76757	98398
19170	137002
6977	90016
33439	128610
81170	157333
7879	103292
65699	120832
16108	130361
40959	148260
37631	97788
2082	109963
65645	91336
45571	165906
50520	95958
32624	93800
35029	100546
54509	162627
31643	159584
76812	157487
74978	121460
2349	111270
12579	153361
82790	88747
21309	163496
62261	137412
71599	142921
3087	113207
8257	94160
61800	115175
55553	133612
30844	142947
74917	129135
68964	155807
65005	148700
22254	142704
16324	96056
81292	148546
68405	168288
55844	152583
77747	103181
1392	168534
53185	167898
55847	170027
53504	166113
17698	133450
55826	143332
17520	124434
32055	89651
81752	168908
48325	153904
38465	137574
43999	161432
82171	93728
14088	164016
63432	133028
33758	118618
64073	103539
32869	101700
59422	108547
33702	143369
53847	153784
77642	145827
14832	138640
33567	98867
11261	126907
51925	113378
3069	97099
49567	88074
17021	112466
39244	120999
1337	92164
39199	165181
33100	142458
28710	150949
39073	151363
70740	106413
55294	150863
69387	96788
63309	168051
62968	154293
37531	115700
51697	143113
5650	123460
23748	158555
69842	97134
84159	107105
74618	126753
65702	106612
84092	143271
49521	92488
11535	138645
29236	137558
66386	162552
22970	93716
47446	93494
77213	94588
12401	134147
72385	94936
54015	136566
18542	153962
79592	122822
48791	86645
14352	149855
1440	118595
25721	92096
75623	115999
15597	135017
79797	123770
14147	97679
52023	123461
2502	125653
19106	128158
67798	92577
31018	162609
59142	158897
63139	145928
48299	98762
70132	123179
4141	146891
66098	140896
35882	90411
13758	169863
20442	131590
68145	92358
49414	94927
34314	87256
42376	164770
57454	167245
7282	161038
11338	135794
78501	163688
52448	98887
72574	167133
52871	160098
21585	133742
75100	117630
44283	127163
51758	131722
48755	102340
64087	147217
73222	147014
64098	170181
64155	160296
4742	116599
66478	112879
27260	170690
48334	154784
65663	138992
26895	169870
6412	131743
11949	133189
45126	129263
27373	100404
38357	146975
65483	93761
2010	130564
27873	143648
27508	125504
16696	151259
62025	100919
43593	141863
8634	92718
2631	98442
30047	100572
57996	137568
69051	118091
12934	164091
24102	108567
9348	119670
8497	145220
15179	143047
43072	130058
17447	140252
46491	160218
65022	121391
44264	87332
11708	98696
21955	148952
49612	111857
38141	121966
10555	143935
4936	92574
66977	124048
3827	134294
7138	101177
8162	110542
43324	101113
2749	161266
46327	96135
24534	138493
69569	162977
4205	163148
71977	159494
50013	96977
41144	104179
40671	161251
66137	120376
25776	123817
22665	106101
11035	153068
29021	139320
33363	166161
5821	133339
26868	118448
62643	160897
38994	107283
17642	106383
20910	125960
6871	149290
50680	161207
48246	119816
83816	116182
42712	163121
58638	91333
56344	141379
44176	162696
32386	135065
84546	93961
31133	102530
75812	151648
27631	95588
40767	138165
2914	89540
12964	162717
31166	133589
21904	149141
81716	152944
71069	134572
58464	103869
67401	137968
34644	151853
27994	147534
81250	122364
81384	163276
14593	136953
74000	126108
24363	119616
48625	138929
61038	163753
67735	122239
41114	107465
21203	92463
85930	159929
83834	157610
79278	163779
21213	102326
43177	98744
38137	126688
2747	110948
27286	161088
46023	138696
47254	104340
71816	144861
73278	134457
8353	126073
13011	112581
31248	101308
47288	153933
70538	109307
1127	161573
63127	151837
50589	141902
35952	129215
60812	89779
56237	169384
59301	105255
85380	108732
60074	117591
9442	138089
77439	137549
61990	105196
54579	110989
35900	114901
75998	166821
76192	133063
75582	150623
20355	127147
56869	98388
26853	103493
16182	92411
41859	103645
70094	116986
41133	130287
77833	107793
50064	96328
53506	148148
61484	105253
12766	155886
58936	166587
70416	103139
4449	166310
54974	151522
41351	109393
2317	102125
16716	148377
9128	159589
50793	87622
519	148583
66685	99323
15487	99011
26351	129006
67404	104375
74707	133078
40699	145331
16708	149142
43788	120113
16353	165001
10245	146070
84333	166737
28051	121024
53400	147171
81506	102832
45328	145238
3883	106285
60593	126543
33493	156033
65232	115696
438	89929
38278	129732
75248	135575
43373	128502
4145	141437
4555	114092
65677	115394
9428	118583
80385	109595
46000	146873
80200	97611
50717	97578
84731	108784
35667	169547
56820	141491
12735	135485
56891	105832
33086	112331
36568	141357
79866	160517
51460	86918
63208	116718
34649	143612
76639	109698
72710	163374
6059	133727
83429	91405
6106	148433
78701	145509
81502	141071
33221	170123
41334	167464
4163	121952
485	147818
41446	135730
49677	145253
6250	103225
42996	90135
51147	100067
74904	99653
26332	144524
30388	130240
31515	94340
19108	143809
25373	151792
19176	97304
48606	149704
49864	100719
64188	155394
29411	159878
9084	169142
17646	89805
53855	144590
35968	115410
798	91848
17377	139706
59118	142168
29526	149956
52904	118291
32629	143498
26421	120861
24457	124745
34032	86308
72726	142806
83197	106083
35334	104960
19739	168104
26643	106393
39267	92506
19088	109129
43706	111339
14574	158199
35160	117814
31199	104712
61981	136940
29151	108667
4006	133578
76210	130267
81675	105462
79689	117693
17280	128858
73614	137644
12665	145596
39801	94878
8772	100935
76477	148526
3649	87651
58429	119847
85557	101007
7805	106734
20483	110600
61058	154793
55462	88002
29832	129637
16943	94909
8095	128946
50474	120351
50607	92204
2047	169930
50318	153733
63928	89844
61185	150244
22275	163336
42529	137515
26059	94434
46338	136091
22624	145199
14765	135836
36351	152731
85176	152015
64810	170074
79017	164905
34786	163186
54932	121806
42954	124544
4120	107612
40184	133587
10342	139213
37787	147803
11720	167767
62290	147117
46394	115443
40330	139750
56521	156789
30681	119498
72756	144492
68914	165800
50812	97464
64203	119729
28586	151752
54492	132179
61414	142696
44656	135177
13040	133074
63640	147809
27886	163330
7050	161387
7935	106480
23808	114347
40990	146397
4802	107159
2048	136903
80492	88721
30143	137092
41370	151535
67277	111326
81032	117251
33729	114163
19958	113607
85800	155347
34879	99596
432	91467
213	101388
70302	102430
7508	152054
14370	156165
27385	121899
5685	107729
14941	102728
64647	107955
4820	89789
51085	104158
9404	161210
37580	120888
3838	87792
36302	139714
26875	147590
59540	160613
37005	126169
66068	105805
78935	145645
31831	122477
83504	168326
13497	96935
6488	131614
24340	149121
40804	153896
698	87281
51684	142533
83392	155921
77173	149520
5740	92630
24545	119505
57508	151181
7199	126784
39997	147491
73302	123974
9371	106659
44901	170607
28323	167317
63025	104793
45509	131349
53749	147293
29925	129353
71994	143541
25454	160011
79285	86348
15996	160085
76633	89715
51209	90267
76136	123567
41314	125623
54047	121765
63463	115101
76317	147839
46821	123804
64306	92510
40454	89262
60180	108438
7957	124668
65891	162252
75614	121505
62265	133518
70289	152423
37759	90727
1728	154214
1193	133855
84785	134484
78808	139074
45792	150903
49268	129630
26313	164743
74836	119314
12718	113700
68662	94148
70307	148571
37163	130347
32800	99756
51281	96513
10425	131320
51156	107740
42785	145888
10218	152890
56850	170112
43523	89742
65224	164384
21091	97660
78964	119914
85937	96607
46357	95788
85412	88970
63732	158148
50477	129678
1996	147451
42998	139676
57350	95606
7870	150106
81365	127512
79762	89758
15465	105823
6592	163254
14950	127033
75119	108305
59782	109777
74667	143545
22450	168057
75267	138137
11266	166276
59189	122424
63375	155150
60694	96149
59306	109234
38514	114178
26771	162596
48891	135308
2559	107823
18845	109725
45694	91724
52891	87770
37007	140566
51211	92713
388	152038
69590	121822
18415	128976
57023	164490
34690	147612
69789	135169
14467	132885
24493	131973
57288	163204
2775	90187
15395	131118
75825	156864
49760	110728
61271	146356
5578	142684
43048	123331
42981	163298
77910	106384
51443	157078
14978	170093
26549	115095
66821	88953
37798	126391
2073	130097
7158	91162
16894	167440
69099	142296
35141	128048
18854	133295
54995	133291
62642	112585
35324	120535
59024	153312
17804	134622
79074	145303
69328	148041
17553	137947
32270	134792
82040	91415
60301	115379
68714	156406
81665	132553
62151	113877
6943	147156
16430	95682
67801	125310
28208	116688
62884	147745
33512	94813
49488	168087
68432	131223
9345	107274
27270	153464
32826	114171
33731	86565
48404	132843
52717	167787
85394	153262
72803	116167
27136	133637
42081	102516
51788	145252
4702	164460
73813	145720
64353	149041
23678	111991
78632	96430
85860	163250
3138	131201
65260	141295
81156	156367
51140	142944
52587	98353
11987	127636
49879	151463
71615	142554
67143	150762
51668	139754
55078	168080
32821	139775
5118	122446
35501	112501
84756	162311
72789	114730
61226	150275
4038	111855
54577	147244
16848	138036
20379	109066
39369	146516
26923	106844
46748	167836
58726	103414
69988	165428
27346	156983
21035	116075
932	111617
80819	92084
12007	145964
21399	136559
22683	148139
73248	145873
11464	89126
62271	87639
60815	93362
48113	91325
46598	104181
4876	91696
77934	100855
73913	141172
63608	94978
21375	93031
53183	155919
79887	113574
65596	153844
79713	137409
51946	136272
81696	168830
44156	106351
56188	166598
5424	96640
45752	136152
1958	149069
71162	111638
29329	127808
50580	120261
55428	107188
17217	165766
2971	98154
30796	169115
12087	167968
49191	139720
49273	120178
4962	170182
17025	133833
53752	102462
2732	139248
33354	118522
68777	141638
84338	158189
81954	129357
1671	141988
30939	118546
42214	157165
50844	133473
30965	134905
30341	168403
54427	155822
71328	143169
74321	110912
32263	126481
83917	169257
77895	165420
47071	156498
3580	138219
72209	153949
31947	152510
42895	110750
46978	119269
68667	154933
64131	117564
77118	147281
25241	136570
68098	150978
51086	155424
80721	149821
16461	166773
65649	93356
64630	167729
68828	170086
4147	111753
75758	169588
84763	142776
34905	105756
85818	122499
37285	151484
33054	133229
50929	120561
39015	124859
7114	110225
40763	98204
78851	133467
65043	95535
85544	156912
54684	132617
17356	150298
72143	94682
23070	134155
22661	104718
28929	91952
33485	150736
77063	125338
6008	140287
39437	139713
48736	90920
61547	107204
66801	166206
75411	161842
82332	167223
24432	131898
6012	141634
61712	166152
74690	93044
80824	131454
64856	114737
12692	125582
67031	155824
19533	104932
52238	88091
54250	169709
5333	101471
3570	116753
81806	153910
47963	118454
12900	141546
26716	89180
7421	147761
29102	143595
11222	94359
40535	160625
46817	107990
21074	165658
13218	134393
85760	105587
84993	109770
10880	161156
3742	161981
77715	137978
12003	131315
12933	89057
83712	124051
9201	163869
70268	86606
4575	99239
5274	111009
40729	137656
40927	100057
63444	111194
13072	148812
1886	90026
2808	117215
33965	105609
48771	162752
43694	111821
14611	127434
37269	103464
66063	136030
67047	132762
78852	137157
82273	112131
30070	155545
85376	120073
3349	160922
11518	144739
74786	95664
34277	117801
29123	95845
74993	125180
23532	88225
44914	132071
5994	167120
81272	93493
81211	117167
15083	94355
36703	137775
67972	164689
12084	118785
77431	128739
16714	102405
62371	93136
76886	100600
24583	128773
38461	166945
44550	150524
16722	104380
83692	113800
20835	105038
27891	98200
34854	165224
78824	93782
40617	170485
4177	128966
52639	124111
84568	125276
51430	156332
1968	100705
41139	98795
17494	129568
9720	96199
12333	165679
85070	127671
5199	146536
19674	112125
53479	156458
73876	145279
74050	160041
17568	162603
34496	158763
63713	134841
12365	148302
14353	117153
56876	101086
65832	146484
8703	121015
59900	140828
54396	106656
8779	108465
27083	111931
72747	144778
16558	161148
37249	96960
35967	102685
76793	144166
75716	123759
6734	106058
19793	170209
55426	142379
25120	94945
7641	133618
59152	141115
62770	127679
49238	145119
42022	160167
60027	110748
81095	125159
31555	158282
68991	156014
45055	132948
37335	92243
34308	158689
37659	107651
79125	135412
83686	117885
16322	113109
77135	164862
36274	99928
77551	122068
26462	120576
77735	102665
35971	97519
9207	106900
25427	164153
5710	115917
14094	141968
8252	142757
752	106615
30642	123853
11186	160044
31377	159647
64905	105281
74421	131583
30668	113059
66957	168189
52925	151096
71297	127037
62605	157543
65658	118445
44636	128015
18248	141900
79995	136749
43381	163231
29153	124408
48928	124118
73640	110245
77364	87534
61854	159286
52704	97693
72665	121477
53444	150615
6684	159386
30729	106991
19148	103725
18399	162744
77348	99026
81854	156535
65482	123949
726	106535
33091	128931
52984	170764
84917	155595
81461	93820
75097	129681
85989	110793
58985	100812
75085	124226
4495	103252
85507	158394
427	142886
51577	111890
52888	150986
39957	112892
31829	162944
30746	165856
47978	105360
73639	121919
13488	170694
7238	119556
60046	153568
6391	138220
2001	86698
47312	110866
85469	119871
2236	90118
5385	115760
77788	108034
45619	136004
52301	163351
38271	148464
23397	96192
30518	106693
49759	129442
47917	116662
5924	136269
52100	133931
29280	147927
41124	121694
53008	94871
11011	142238
23794	105167
45148	94683
64045	93734
9563	148943
58735	116238
5646	148963
39727	126787
20709	161085
84106	128495
63376	106458
6529	115626
40255	162580
71187	129539
85229	137306
61125	154147
36553	160287
17955	114164
4595	153039
6844	126600
50114	160471
58294	132361
70786	140167
6461	122759
7172	161896
29479	168898
6051	148510
37978	114408
75841	147443
64265	94582
52612	154371
48669	96012
721	104624
5308	95550
55747	152064
75763	99633
40506	124390
83798	162150
59513	168457
10946	163436
62499	105772
44792	169769
49884	135185
23470	147970
11300	115249
64715	132289
20470	136538
20111	126293
76407	132540
77017	146969
78340	141318
40840	138116
14285	170802
85462	122913
83807	150655
9181	104617
18389	113594
17031	144359
19973	149593
54980	169371
64650	155293
76606	169499
68994	120639
50095	115164
46655	138612
58137	90455
74168	94207
68595	111961
68837	161688
38678	115024
66890	104741
52954	136201
57551	96659
26956	88345
38437	139598
65694	98727
10314	140826
36346	112207
29725	112853
80210	97294
367	109498
62625	92825
50086	166767
924	88810
72850	159855
1956	118424
50914	89976
78264	146127
37229	166564
47741	119694
52433	90257
65665	141632
77435	116401
80299	141713
36100	169664
13788	117133
29421	112411
83156	128043
6641	161755
27901	116789
62072	91217
20547	160148
18771	86228
38490	125541
36808	118204
79796	124793
65828	161168
49282	137065
1735	157381
43008	160061
37417	106299
84041	162662
79441	96552
18770	153304
28963	132581
42668	107212
78223	123890
12308	168757
67964	139264
37955	96411
27315	101899
71083	92868
12578	135912
43898	93453
83013	124709
46745	125403
62087	108635
33181	107307
74664	165487
63648	163824
133	157916
71551	102422
10902	151166
33004	113368
34374	114784
40564	89281
27556	158554
10580	90524
14861	101434
66865	123777
34295	136835
60106	130292
43430	164239
77043	146298
73023	132485
47073	145428
57722	158330
48609	137614
62715	126432
22694	98448
41388	92744
35477	131292
59110	118096
55421	99780
8139	140340
28081	142013
58843	129976
54375	116797
65927	91229
11806	157534
54201	150542
84813	146001
51789	165938
65051	144423
46339	110263
14145	125892
31170	149012
14794	129463
81471	167738
9515	149251
42671	169960
45436	100596
82712	168849
44998	102788
18055	164174
73161	101011
13189	152659
60724	151344
74432	119859
12473	108565
1739	113746
79440	122274
60493	135573
34561	144812
50014	96638
15900	157177
40259	94522
5996	168440
63825	139968
58440	144457
6340	142177
18170	170204
9616	111736
22293	86753
24955	155835
74242	166248
14327	139815
23136	136528
64682	162410
15550	131792
65454	162998
75622	87183
65764	97610
33314	119807
54039	106513
44359	139286
77907	159688
26582	162883
15020	141813
53424	94692
74448	136854
40616	112146
5691	143439
31813	137017
33993	105300
5822	167012
65973	125889
64422	108125
22194	118827
26317	141513
67010	101592
71372	100137
9757	155358
49009	139737
9272	105124
36550	111501
76299	153783
83399	122631
8342	108574
39984	147691
15997	153436
40159	120730
2943	125407
65514	140129
36834	101341
21692	140705
50323	105589
65112	127174
72842	87987
22316	93497
57811	166026
38089	120225
48161	133194
37361	155345
56603	106188
73875	155788
26555	143331
65368	109517
12448	115761
69383	152953
7093	106252
77588	164183
52795	94448
70	86560
49440	130147
39189	101454
32206	103350
35866	116643
244	114912
17725	104419
21363	111559
83513	89842
53789	91097
73912	115601
74141	102554
15497	105568
1247	151917
30236	106168
27543	170572
6047	115994
37931	114151
10995	169760
21812	147922
86091	107979
68445	127357
48752	112358
18819	170543
50	118286
52877	141692
84825	169869
57492	159641
51112	89135
50331	126463
18028	92205
83229	144024
19362	130560
77604	100920
57269	134931
77999	157203
69802	118796
61018	154088
45836	134868
65219	151357
25763	95624
15227	135250
17383	119140
46370	151867
46317	113352
53235	106049
82795	141622
52053	129766
39051	137965
17310	101821
20384	144997
59963	147584
66840	106283
19095	158727
85518	140474
57616	113943
268	104182
73357	90844
76241	164554
25044	101057
30864	145042
20759	103934
65909	164833
18330	115284
50756	154354
54151	151658
17577	170856
54341	133562
66331	108648
28038	101844
20787	126606
72582	92065
39966	87465
24669	142705
60864	136010
42946	117981
35341	153989
16907	165978
54951	132404
48583	122154
38979	135699
45608	139157
19270	89116
30825	158840
65919	166149
68731	146297
84735	159421
46537	117890
41879	151550
64129	139086
4972	127190
13559	143931
40830	150991
51886	161046
7912	100204
55259	146257
5129	124518
22005	169616
19606	119141
54886	164287
1975	157018
69922	131934
73923	132989
16776	86151
2880	105777
71930	149819
40341	124904
77844	145466
75968	121432
22602	104671
82296	136954
43380	119633
53072	90278
14402	165467
60469	106212
6082	108585
11933	86319
15238	120035
70245	113958
84477	111112
52901	138674
60	165146
61679	115510
55401	151044
8642	87145
17177	118340
51311	154696
1465	142754
68856	95996
40415	157391
37084	150351
58654	90287
10102	118570
50079	131903
78444	93989
52438	114496
7930	164526
64791	158954
24722	167008
67481	108792
77086	142224
71908	113819
44445	165825
3779	116501
19340	142642
6389	165497
69600	162846
79658	147600
40435	166280
40746	101188
3157	105661
50439	91479
68	98174
44073	132974
65149	112432
41303	141628
9854	125895
34971	168377
75870	109955
64861	147054
25365	100816
4579	137383
30595	147307
24147	86357
63942	140482
61657	92840
64555	153839
80950	150847
41362	124596
38777	154159
81733	86509
54785	119478
5494	116951
71399	100357
12768	121180
8681	107560
18049	138591
24305	153241
819	143472
36	96985
70545	89417
71100	119502
40398	152001
50679	115641
3362	107031
7924	96657
36171	138554
54450	98886
17119	119251
84330	164283
81744	112220
38865	167613
21026	117651
40806	161602
55226	133777
28020	128151
14399	165895
33638	96642
7986	119755
73812	170168
82939	86294
3721	137683
64580	156667
33650	108917
12550	107469
15131	131810
51304	161862
6209	101509
50399	136755
80047	120352
46651	165255
26247	91014
16470	106130
85234	91227
50989	115625
16971	113073
52758	106716
47759	90237
59451	169322
24566	157246
30590	144920
25727	87937
23815	133383
60250	122083
6880	142817
5632	111910
40572	161391
12614	164640
23260	150916
62725	122094
23247	167335
38522	161545
36683	86985
30757	121752
28018	98641
13765	111765
50480	101194
29241	103691
44304	156466
57537	141725
27249	163925
83625	139464
33549	108912
4882	125091
52777	150142
56227	156551
79579	124871
33710	94976
38339	134527
33971	113561
7998	105783
1648	113235
64868	90691
5497	134884
49256	104276
71526	155724
58215	89278
30762	111439
37220	162538
21112	148093
53507	162028
14127	166603
34774	117954
9099	117312
28795	152757
14113	158675
52953	142020
79454	116280
24361	144030
47981	120579
62278	106241
25182	87890
35011	137156
74263	119492
54480	89489
2648	99260
22021	86644
23721	166542
77011	112917
83539	138920
9319	143418
31611	121863
59490	129913
67915	99095
70217	152560
61016	115603
32528	131032
24416	125978
83803	132255
84013	114580
17098	136185
41882	131114
17106	147599
69483	152535
35628	166827
59817	107317
28776	117372
72576	159142
83353	105491
59571	104159
51783	136050
72408	132471
12667	114356
6624	167494
68884	105366
61063	138839
17695	145906
8429	136826
85305	94997
5171	87927
72037	158867
69316	110944
43636	154081
7223	141795
42054	168353
34392	169515
72764	104761
26201	170733
83391	105157
19511	108220
21793	126228
41871	126170
16315	105104
57914	168224
49737	150029
70387	122185
77956	119780
45392	116524
23296	164522
80616	166175
56535	103359
16694	147418
55644	145517
36870	110146
20187	94665
1360	142985
41464	93089
2822	138970
79556	136710
52744	157123
30039	159543
9236	149810
46170	151904
62886	147269
38158	107339
42073	119662
70399	145203
6044	96335
35850	124665
82518	120317
49405	151269
10134	136516
7735	135316
33929	132409
61262	127254
1199	156320
26199	130913
20957	88135
45456	136740
44120	139030
66511	100276
6571	164796
25585	120338
75314	155913
32039	126840
56676	145285
80687	139195
56972	87067
23338	159972
78361	139346
5564	169082
57203	125171
19193	144835
21543	114426
14753	157974
30069	139362
19081	125533
76260	127553
83092	145489
15244	122597
48760	105643
46764	148885
36595	101823
81114	108088
4709	132577
81503	116200
24916	131346
50540	97098
69831	128856
75320	155633
7982	163066
70246	98128
67623	135291
42020	100365
16998	99981
11837	165769
83909	168267
10124	166812
53959	93960
43603	129578
22287	134486
40410	140593
24629	155419
43825	129437
28008	102930
54195	135780
34843	131570
57763	115312
44238	106521
82911	94520
47217	94465
78216	96203
45005	136581
18596	128301
34538	112900
69604	162301
74347	129990
51244	157539
40809	160322
21865	112916
51125	129395
68583	106959
24729	114878
74727	125682
73616	114732
66635	144404
45543	151989
53682	93201
41222	93402
73369	146538
63850	99488
61112	99740
17235	164130
34829	136988
14491	145387
31828	146988
74787	93076
68055	162025
12088	146621
16293	107598
56400	162758
29015	94103
45399	92554
5697	126173
56248	87670
81629	88920
39178	90331
11559	94865
46120	139792
2982	161591
17606	95031
50674	143131
43425	152584
57084	113009
69421	111879
18857	140463
84281	125796
15574	149541
27727	93571
22025	151799
22421	135068
24162	142398
20520	128120
39905	140917
57662	119509
49943	122129
23044	169120
25641	88663
13512	170161
65012	112738
5947	133563
2546	106830
63639	92762
71322	163901
56143	131737
73310	105800
46855	164306
82794	119360
81065	156754
56249	158535
20033	162913
64940	124711
38113	92968
51790	161708
75674	149891
23273	120783
61590	86464
17780	150742
68870	126417
29598	132089
54786	123594
15316	116390
75910	106266
17105	152855
20756	136950
41937	105127
27377	146997
60181	139552
85278	138025
79701	136798
24281	148204
55032	107664
64463	167459
126	135702
3185	116042
58710	152941
62535	148465
75832	161479
13555	148267
38722	163272
45831	86859
221	131465
8325	170535
82948	125498
58363	160159
16214	113331
4263	149986
13725	106851
37920	169197
83082	87367
36321	149702
49555	110538
17755	169675
56072	129772
44948	118508
31040	140684
64671	112558
70018	142479
81787	130364
36114	154460
62859	154518
82149	122491
11038	91868
10786	113986
77064	119958
45914	152754
33534	87001
27767	107336
18930	169105
50189	167380
23063	129925
75349	159708
54612	118817
6679	151039
28658	157947
77914	121859
23034	99606
1844	120620
64320	127587
20852	127113
48721	125732
82403	104476
62075	118470
75975	154102
21670	137763
80695	114160
25974	161727
37867	128634
61640	106234
63835	153261
36198	104041
39133	106114
22825	137669
19863	142614
54583	136722
23019	143363
84974	86190
12212	105683
66275	158760
1071	157171
350	140113
84517	103794
6110	101501
57922	119070
5423	151459
9588	90706
4189	140316
73349	119579
38632	111278
50492	115544
61237	163890
31964	86936
22220	134271
53573	118996
69914	165281
12952	159505
13806	117908
78187	130590
67313	146173
13900	160839
81799	168133
49150	138858
32932	134589
14580	168673
44858	152009
67329	95526
25110	170482
22954	143081
62927	121880
14942	169174
51224	98076
29947	116353
59007	135787
71618	119708
32902	92919
18306	103206
47043	120758
22789	96185
44242	134348
69284	149388
29197	97905
36784	93127
13981	137575
85240	123421
3479	122529
29409	155118
26301	158775
18424	99308
52807	91425
80180	138131
16584	115253
75040	116173
29440	99670
73483	139504
38638	107228
69538	92063
49607	125148
84116	90425
43628	151766
60038	143117
49882	99174
26589	147695
85262	168022
67920	168875
44148	153403
4497	152630
46211	157922
36986	88397
1228	133419
15041	132257
46331	100746
75447	124174
23514	111437
16326	145851
17746	99472
636	144602
62650	109667
24732	108387
86079	112085
28715	165392
45807	156708
37174	127059
3719	118809
12686	123564
46995	91699
51491	168017
2563	92331
18973	132686
4921	169741
81362	131859
76409	105773
22099	126892
49340	154983
40545	167735
44253	137025
20150	153852
66379	134631
33145	94672
32083	151528
27872	112822
51269	159290
27673	119534
6054	170409
57790	96466
47565	100624
40373	107109
23012	135037
62216	129491
33734	98410
72694	125551
35581	138179
31094	96983
43126	91178
83982	129901
67817	159292
21144	92284
14556	160758
85997	96268
28211	116939
30699	91977
44887	107349
37874	115547
66182	92245
4975	109414
57461	145495
74035	120877
71921	128605
84098	132253
7693	88702
67682	146822
79643	135281
4469	117548
86097	105405
62519	169677
1301	91869
20733	169785
58020	97165
63198	168100
36464	88774
44431	113383
35125	87135
36813	105156
38600	108836
27504	113074
20937	169990
11969	125234
9455	166158
38948	113866
85728	152845
61055	124523
39887	152789
29351	118075
54280	88063
85763	95654
12288	107406
7944	138139
32569	165862
3771	114974
41238	103606
67346	130910
83252	146743
7152	140643
